	issue	value
1	97	0
2	97	0
3	97	0
4	97	0
5	98	0
6	98	0
7	98	0
8	98	0
9	99	0
10	99	0
11	99	0
12	99	0
13	100	0
14	100	0
15	100	0
16	100	0
17	101	0
18	101	0
19	101	0
20	101	0
21	102	0
22	102	0
23	102	0
24	102	0
25	103	0
26	103	0
27	103	0
28	103	0
29	104	0
30	104	0
31	104	0
32	104	0
33	105	0
34	105	0
35	105	0
36	105	0
37	106	0
38	106	0
39	106	0
40	106	0
41	107	0
42	107	0
43	107	0
44	107	0
45	108	0
46	108	0
47	108	0
48	108	0
49	109	0
50	109	0
51	109	0
52	109	0
53	110	0
54	110	0
55	110	0
56	110	0
57	111	0
58	111	0
59	111	0
60	111	0
61	112	0
62	112	0
63	112	0
64	112	0
65	113	0
66	113	0
67	113	0
68	113	0
69	114	0
70	114	0
71	114	0
72	114	0
73	115	0
74	115	0
75	115	0
76	115	0
77	116	0
78	116	0
79	116	0
80	116	0
81	117	0
82	117	0
83	117	0
84	117	0
85	118	0
86	118	0
87	118	0
88	118	0
89	119	0
90	119	0
91	119	0
92	119	0
93	120	0
94	120	0
95	120	0
96	120	0
97	121	0
98	121	0
99	121	0
100	121	0
101	122	0
102	122	0
103	122	0
104	122	0
105	123	0
106	123	0
107	123	0
108	123	0
109	124	0
110	124	0
111	124	0
112	124	0
113	125	0
114	125	0
115	125	0
116	125	0
117	126	0
118	126	0
119	126	0
120	126	0
121	127	0
122	127	0
123	127	0
124	127	0
125	128	0
126	128	0
127	128	0
128	128	0
129	129	0
130	129	0
131	129	0
132	129	0
133	130	0
134	130	0
135	130	0
136	130	0
137	131	0
138	131	0
139	131	0
140	131	0
141	132	0
142	132	0
143	132	0
144	132	0
145	133	0
146	133	0
147	133	0
148	133	0
149	134	0
150	134	0
151	134	0
152	134	0
153	135	0
154	135	0
155	135	0
156	135	0
157	136	0
158	136	0
159	136	0
160	136	0
161	137	0
162	137	0
163	137	0
164	137	0
165	138	0
166	138	0
167	138	0
168	138	0
169	139	0
170	139	0
171	139	0
172	139	0
173	140	0
174	140	0
175	140	0
176	140	0
177	141	0
178	141	0
179	141	0
180	141	0
181	142	0
182	142	0
183	142	0
184	142	0
185	143	0
186	143	0
187	143	0
188	143	0
189	144	0
190	144	0
191	144	0
192	144	0
193	145	0
194	145	0
195	145	0
196	145	0
197	146	0
198	146	0
199	146	0
200	146	0
201	147	0
202	147	0
203	147	0
204	147	0
205	148	0
206	148	0
207	148	0
208	148	0
209	149	0
210	149	0
211	149	0
212	149	0
213	150	0
214	150	0
215	150	0
216	150	0
217	151	0
218	151	0
219	151	0
220	151	0
221	152	0
222	152	0
223	152	0
224	152	0
225	153	0
226	153	0
227	153	0
228	153	0
229	154	0
230	154	0
231	154	0
232	154	0
233	155	0
234	155	0
235	155	0
236	155	0
237	156	0
238	156	0
239	156	0
240	156	0
241	157	0
242	157	0
243	157	0
244	157	0
245	158	0
246	158	0
247	158	0
248	158	0
249	159	0
250	159	0
251	159	0
252	159	0
253	160	0
254	160	0
255	160	0
256	160	0
257	161	0
258	161	0
259	161	0
260	161	0
261	162	0
262	162	0
263	162	0
264	162	0
265	163	0
266	163	0
267	163	0
268	163	0
269	164	0
270	164	0
271	164	0
272	164	0
273	165	0
274	165	0
275	165	0
276	165	0
277	166	0
278	166	0
279	166	0
280	166	0
281	167	0
282	167	0
283	167	0
284	167	0
285	168	0
286	168	0
287	168	0
288	168	0
289	169	0
290	169	0
291	169	0
292	169	0
293	170	0
294	170	0
295	170	0
296	170	0
297	171	0
298	171	0
299	171	0
300	171	0
301	172	0
302	172	0
303	172	0
304	172	0
305	173	0
306	173	0
307	173	0
308	173	0
309	174	0
310	174	0
311	174	0
312	174	0
313	175	0
314	175	0
315	175	0
316	175	0
317	176	0
318	176	0
319	176	0
320	176	0
321	177	0
322	177	0
323	177	0
324	177	0
325	178	0
326	178	0
327	178	0
328	178	0
329	179	0
330	179	0
331	179	0
332	179	0
333	180	0
334	180	0
335	180	0
336	180	0
337	181	0
338	181	0
339	181	0
340	181	0
341	182	0
342	182	0
343	182	0
344	182	0
345	183	0
346	183	0
347	183	0
348	183	0
349	184	0
350	184	0
351	184	0
352	184	0
353	185	0
354	185	0
355	185	0
356	185	0
357	186	0
358	186	0
359	186	0
360	186	0
361	187	0
362	187	0
363	187	0
364	187	0
365	188	0
366	188	0
367	188	0
368	188	0
369	189	0
370	189	0
371	189	0
372	189	0
373	190	0
374	190	0
375	190	0
376	190	0
377	191	0
378	191	0
379	191	0
380	191	0
381	192	0
382	192	0
383	192	0
384	192	0
385	193	0
386	193	0
387	193	0
388	193	0
389	194	0
390	194	0
391	194	0
392	194	0
393	195	0
394	195	0
395	195	0
396	195	0
397	196	0
398	196	0
399	196	0
400	196	0
401	197	0
402	197	0
403	197	0
404	197	0
405	198	0
406	198	0
407	198	0
408	198	0
409	199	0
410	199	0
411	199	0
412	199	0
413	200	0
414	200	0
415	200	0
416	200	0
417	201	0
418	201	0
419	201	0
420	201	0
421	202	0
422	202	0
423	202	0
424	202	0
425	203	0
426	203	0
427	203	0
428	203	0
429	204	0
430	204	0
431	204	0
432	204	0
433	205	0
434	205	0
435	205	0
436	205	0
437	206	0
438	206	0
439	206	0
440	206	0
441	207	0
442	207	0
443	207	0
444	207	0
445	208	0
446	208	0
447	208	0
448	208	0
449	209	0
450	209	0
451	209	0
452	209	0
453	210	0
454	210	0
455	210	0
456	210	0
457	211	0
458	211	0
459	211	0
460	211	0
461	212	0
462	212	0
463	212	0
464	212	0
465	213	0
466	213	0
467	213	0
468	213	0
469	214	0
470	214	0
471	214	0
472	214	0
473	215	0
474	215	0
475	215	0
476	215	0
477	216	0
478	216	0
479	216	0
480	216	0
481	217	0
482	217	0
483	217	0
484	217	0
485	218	0
486	218	0
487	218	0
488	218	0
489	219	0
490	219	0
491	219	0
492	219	0
493	220	0
494	220	0
495	220	0
496	220	0
497	221	0
498	221	0
499	221	0
500	221	0
501	222	0
502	222	0
503	222	0
504	222	0
505	223	0
506	223	0
507	223	0
508	223	0
509	224	0
510	224	0
511	224	0
512	224	0
513	225	0
514	225	0
515	225	0
516	225	0
517	226	0
518	226	0
519	226	0
520	226	0
521	227	0
522	227	0
523	227	0
524	227	0
525	228	0
526	228	0
527	228	0
528	228	0
529	229	0
530	229	0
531	229	0
532	229	0
533	230	0
534	230	0
535	230	0
536	230	0
537	231	0
538	231	0
539	231	0
540	231	0
541	232	0
542	232	0
543	232	0
544	232	0
545	233	0
546	233	0
547	233	0
548	233	0
549	234	0
550	234	0
551	234	0
552	234	0
553	235	0
554	235	0
555	235	0
556	235	0
557	236	0
558	236	0
559	236	0
560	236	0
561	237	0
562	237	0
563	237	0
564	237	0
565	238	0
566	238	0
567	238	0
568	238	0
569	239	0
570	239	0
571	239	0
572	239	0
573	240	0
574	240	0
575	240	0
576	240	0
577	241	0
578	241	0
579	241	0
580	241	0
581	242	0
582	242	0
583	242	0
584	242	0
585	243	0
586	243	0
587	243	0
588	243	0
589	244	0
590	244	0
591	244	0
592	244	0
593	245	0
594	245	0
595	245	0
596	245	0
597	246	0
598	246	0
599	246	0
600	246	0
601	247	0
602	247	0
603	247	0
604	247	0
605	248	0
606	248	0
607	248	0
608	248	0
609	249	0
610	249	0
611	249	0
612	249	0
613	250	0
614	250	0
615	250	0
616	250	0
617	251	0
618	251	0
619	251	0
620	251	0
621	252	0
622	252	0
623	252	0
624	252	0
625	253	0
626	253	0
627	253	0
628	253	0
629	254	0
630	254	0
631	254	0
632	254	0
633	255	0
634	255	0
635	255	0
636	255	0
637	256	0
638	256	0
639	256	0
640	256	0
641	257	0
642	257	0
643	257	0
644	257	0
645	258	0
646	258	0
647	258	0
648	258	0
649	259	0
650	259	0
651	259	0
652	259	0
653	260	0
654	260	0
655	260	0
656	260	0
657	261	0
658	261	0
659	261	0
660	261	0
661	262	0
662	262	0
663	262	0
664	262	0
665	263	0
666	263	0
667	263	0
668	263	0
669	264	0
670	264	0
671	264	0
672	264	0
673	265	0
674	265	0
675	265	0
676	265	0
677	266	95
678	266	0
679	266	0
680	266	52
681	267	98
682	267	9
683	267	0
684	267	55
685	268	0
686	268	0
687	268	0
688	268	0
689	269	0
690	269	0
691	269	0
692	269	0
693	270	0
694	270	0
695	270	0
696	270	3
697	271	0
698	271	0
699	271	0
700	271	0
701	272	14
702	272	0
703	272	0
704	272	21
705	273	0
706	273	0
707	273	0
708	273	0
709	274	2
710	274	0
711	274	0
712	274	3
713	275	10
714	275	0
715	275	0
716	275	11
717	276	25
718	276	0
719	276	0
720	276	17
721	277	22
722	277	0
723	277	0
724	277	22
725	278	8
726	278	0
727	278	0
728	278	10
729	279	13
730	279	0
731	279	0
732	279	12
733	280	3
734	280	0
735	280	0
736	280	6
737	97	0
738	97	0
739	97	0
740	97	0
741	98	0
742	98	0
743	98	0
744	98	0
745	99	0
746	99	0
747	99	0
748	99	0
749	100	0
750	100	0
751	100	0
752	100	0
753	101	0
754	101	0
755	101	0
756	101	0
757	102	0
758	102	0
759	102	0
760	102	0
761	103	0
762	103	0
763	103	0
764	103	0
765	104	0
766	104	0
767	104	0
768	104	0
769	105	0
770	105	0
771	105	0
772	105	0
773	106	0
774	106	0
775	106	0
776	106	0
777	107	0
778	107	0
779	107	0
780	107	0
781	108	0
782	108	0
783	108	0
784	108	0
785	109	0
786	109	0
787	109	0
788	109	0
789	110	0
790	110	0
791	110	0
792	110	0
793	111	0
794	111	0
795	111	0
796	111	0
797	112	0
798	112	0
799	112	0
800	112	0
801	113	0
802	113	0
803	113	0
804	113	0
805	114	0
806	114	0
807	114	0
808	114	0
809	115	0
810	115	0
811	115	0
812	115	0
813	116	0
814	116	0
815	116	0
816	116	0
817	117	0
818	117	0
819	117	0
820	117	0
821	118	0
822	118	0
823	118	0
824	118	0
825	119	0
826	119	0
827	119	0
828	119	0
829	120	0
830	120	0
831	120	0
832	120	0
833	121	0
834	121	0
835	121	0
836	121	0
837	122	0
838	122	0
839	122	0
840	122	0
841	123	0
842	123	0
843	123	0
844	123	0
845	124	0
846	124	0
847	124	0
848	124	0
849	125	0
850	125	0
851	125	0
852	125	0
853	126	0
854	126	0
855	126	0
856	126	0
857	127	0
858	127	0
859	127	0
860	127	0
861	128	0
862	128	0
863	128	0
864	128	0
865	129	0
866	129	0
867	129	0
868	129	0
869	130	0
870	130	0
871	130	0
872	130	0
873	131	0
874	131	0
875	131	0
876	131	0
877	132	0
878	132	0
879	132	0
880	132	0
881	133	0
882	133	0
883	133	0
884	133	0
885	134	0
886	134	0
887	134	0
888	134	0
889	135	0
890	135	0
891	135	0
892	135	0
893	136	0
894	136	0
895	136	0
896	136	0
897	137	0
898	137	0
899	137	0
900	137	0
901	138	0
902	138	0
903	138	0
904	138	0
905	139	0
906	139	0
907	139	0
908	139	0
909	140	0
910	140	0
911	140	0
912	140	0
913	141	0
914	141	0
915	141	0
916	141	0
917	142	0
918	142	0
919	142	0
920	142	0
921	143	0
922	143	0
923	143	0
924	143	0
925	144	0
926	144	0
927	144	0
928	144	0
929	145	0
930	145	0
931	145	0
932	145	0
933	146	0
934	146	0
935	146	0
936	146	0
937	147	0
938	147	0
939	147	0
940	147	0
941	148	0
942	148	0
943	148	0
944	148	0
945	149	0
946	149	0
947	149	0
948	149	0
949	150	0
950	150	0
951	150	0
952	150	0
953	151	0
954	151	0
955	151	0
956	151	0
957	152	0
958	152	0
959	152	0
960	152	0
961	153	0
962	153	0
963	153	0
964	153	0
965	154	0
966	154	0
967	154	0
968	154	0
969	155	0
970	155	0
971	155	0
972	155	0
973	156	0
974	156	0
975	156	0
976	156	0
977	157	0
978	157	0
979	157	0
980	157	0
981	158	0
982	158	0
983	158	0
984	158	0
985	159	0
986	159	0
987	159	0
988	159	0
989	160	0
990	160	0
991	160	0
992	160	0
993	161	0
994	161	0
995	161	0
996	161	0
997	162	0
998	162	0
999	162	0
1000	162	0
1001	163	0
1002	163	0
1003	163	0
1004	163	0
1005	164	0
1006	164	0
1007	164	0
1008	164	0
1009	165	0
1010	165	0
1011	165	0
1012	165	0
1013	166	0
1014	166	0
1015	166	0
1016	166	0
1017	167	0
1018	167	0
1019	167	0
1020	167	0
1021	168	0
1022	168	0
1023	168	0
1024	168	0
1025	169	0
1026	169	0
1027	169	0
1028	169	0
1029	170	0
1030	170	0
1031	170	0
1032	170	0
1033	171	0
1034	171	0
1035	171	0
1036	171	0
1037	172	0
1038	172	0
1039	172	0
1040	172	0
1041	173	0
1042	173	0
1043	173	0
1044	173	0
1045	174	0
1046	174	0
1047	174	0
1048	174	0
1049	175	0
1050	175	0
1051	175	0
1052	175	0
1053	176	0
1054	176	0
1055	176	0
1056	176	0
1057	177	0
1058	177	0
1059	177	0
1060	177	0
1061	178	0
1062	178	0
1063	178	0
1064	178	0
1065	179	0
1066	179	0
1067	179	0
1068	179	0
1069	180	0
1070	180	0
1071	180	0
1072	180	0
1073	181	0
1074	181	0
1075	181	0
1076	181	0
1077	182	0
1078	182	0
1079	182	0
1080	182	0
1081	183	0
1082	183	0
1083	183	0
1084	183	0
1085	184	0
1086	184	0
1087	184	0
1088	184	0
1089	185	0
1090	185	0
1091	185	0
1092	185	0
1093	186	0
1094	186	0
1095	186	0
1096	186	0
1097	187	0
1098	187	0
1099	187	0
1100	187	0
1101	188	0
1102	188	0
1103	188	0
1104	188	0
1105	189	0
1106	189	0
1107	189	0
1108	189	0
1109	190	0
1110	190	0
1111	190	0
1112	190	0
1113	191	0
1114	191	0
1115	191	0
1116	191	0
1117	192	0
1118	192	0
1119	192	0
1120	192	0
1121	193	0
1122	193	0
1123	193	0
1124	193	0
1125	194	0
1126	194	0
1127	194	0
1128	194	0
1129	195	0
1130	195	0
1131	195	0
1132	195	0
1133	196	0
1134	196	0
1135	196	0
1136	196	0
1137	197	0
1138	197	0
1139	197	0
1140	197	0
1141	198	0
1142	198	0
1143	198	0
1144	198	0
1145	199	0
1146	199	0
1147	199	0
1148	199	0
1149	200	0
1150	200	0
1151	200	0
1152	200	0
1153	201	0
1154	201	0
1155	201	0
1156	201	0
1157	202	0
1158	202	0
1159	202	0
1160	202	0
1161	203	0
1162	203	0
1163	203	0
1164	203	0
1165	204	0
1166	204	0
1167	204	0
1168	204	0
1169	205	0
1170	205	0
1171	205	0
1172	205	0
1173	206	0
1174	206	0
1175	206	0
1176	206	0
1177	207	0
1178	207	0
1179	207	0
1180	207	0
1181	208	0
1182	208	0
1183	208	0
1184	208	0
1185	209	0
1186	209	0
1187	209	0
1188	209	0
1189	210	0
1190	210	0
1191	210	0
1192	210	0
1193	211	0
1194	211	0
1195	211	0
1196	211	0
1197	212	0
1198	212	0
1199	212	0
1200	212	0
1201	213	0
1202	213	0
1203	213	0
1204	213	0
1205	214	0
1206	214	0
1207	214	0
1208	214	0
1209	215	0
1210	215	0
1211	215	0
1212	215	0
1213	216	0
1214	216	0
1215	216	0
1216	216	0
1217	217	0
1218	217	0
1219	217	0
1220	217	0
1221	218	0
1222	218	0
1223	218	0
1224	218	0
1225	219	0
1226	219	0
1227	219	0
1228	219	0
1229	220	0
1230	220	0
1231	220	0
1232	220	0
1233	221	0
1234	221	0
1235	221	0
1236	221	0
1237	222	0
1238	222	0
1239	222	0
1240	222	0
1241	223	0
1242	223	0
1243	223	0
1244	223	0
1245	224	0
1246	224	0
1247	224	0
1248	224	0
1249	225	0
1250	225	0
1251	225	0
1252	225	0
1253	226	0
1254	226	0
1255	226	0
1256	226	0
1257	227	0
1258	227	0
1259	227	0
1260	227	0
1261	228	0
1262	228	0
1263	228	0
1264	228	0
1265	229	0
1266	229	0
1267	229	0
1268	229	0
1269	230	0
1270	230	0
1271	230	0
1272	230	0
1273	231	0
1274	231	0
1275	231	0
1276	231	0
1277	232	0
1278	232	0
1279	232	0
1280	232	0
1281	233	0
1282	233	0
1283	233	0
1284	233	0
1285	234	0
1286	234	0
1287	234	0
1288	234	0
1289	235	0
1290	235	0
1291	235	0
1292	235	0
1293	236	0
1294	236	0
1295	236	0
1296	236	0
1297	237	0
1298	237	0
1299	237	0
1300	237	0
1301	238	0
1302	238	0
1303	238	0
1304	238	0
1305	239	0
1306	239	0
1307	239	0
1308	239	0
1309	240	0
1310	240	0
1311	240	0
1312	240	0
1313	241	0
1314	241	0
1315	241	0
1316	241	0
1317	242	0
1318	242	0
1319	242	0
1320	242	0
1321	243	0
1322	243	0
1323	243	0
1324	243	0
1325	244	0
1326	244	0
1327	244	0
1328	244	0
1329	245	0
1330	245	0
1331	245	0
1332	245	0
1333	246	0
1334	246	0
1335	246	0
1336	246	0
1337	247	0
1338	247	0
1339	247	0
1340	247	0
1341	248	0
1342	248	0
1343	248	0
1344	248	0
1345	249	0
1346	249	0
1347	249	0
1348	249	0
1349	250	0
1350	250	0
1351	250	0
1352	250	0
1353	251	0
1354	251	0
1355	251	0
1356	251	0
1357	252	0
1358	252	0
1359	252	0
1360	252	0
1361	253	0
1362	253	0
1363	253	0
1364	253	0
1365	254	0
1366	254	0
1367	254	0
1368	254	0
1369	255	0
1370	255	0
1371	255	0
1372	255	0
1373	256	0
1374	256	0
1375	256	0
1376	256	0
1377	257	0
1378	257	0
1379	257	0
1380	257	0
1381	258	0
1382	258	0
1383	258	0
1384	258	0
1385	259	0
1386	259	0
1387	259	0
1388	259	0
1389	260	0
1390	260	0
1391	260	0
1392	260	0
1393	261	0
1394	261	0
1395	261	0
1396	261	0
1397	262	0
1398	262	0
1399	262	0
1400	262	0
1401	263	0
1402	263	0
1403	263	0
1404	263	0
1405	264	0
1406	264	0
1407	264	0
1408	264	0
1409	265	0
1410	265	0
1411	265	0
1412	265	0
1413	266	0
1414	266	0
1415	266	0
1416	266	0
1417	267	4
1418	267	0
1419	267	0
1420	267	4
1421	268	0
1422	268	0
1423	268	0
1424	268	0
1425	269	0
1426	269	0
1427	269	0
1428	269	0
1429	270	0
1430	270	0
1431	270	0
1432	270	0
1433	271	0
1434	271	0
1435	271	0
1436	271	0
1437	272	0
1438	272	0
1439	272	0
1440	272	0
1441	273	0
1442	273	0
1443	273	0
1444	273	0
1445	274	0
1446	274	0
1447	274	0
1448	274	0
1449	275	0
1450	275	0
1451	275	0
1452	275	0
1453	276	0
1454	276	0
1455	276	0
1456	276	0
1457	277	0
1458	277	0
1459	277	0
1460	277	0
1461	278	0
1462	278	0
1463	278	0
1464	278	0
1465	279	0
1466	279	0
1467	279	0
1468	279	0
1469	280	0
1470	280	0
1471	280	0
1472	280	0
1473	97	0
1474	97	0
1475	97	0
1476	97	0
1477	98	0
1478	98	0
1479	98	0
1480	98	0
1481	99	0
1482	99	0
1483	99	0
1484	99	0
1485	100	0
1486	100	0
1487	100	0
1488	100	0
1489	101	0
1490	101	0
1491	101	0
1492	101	0
1493	102	0
1494	102	0
1495	102	0
1496	102	0
1497	103	0
1498	103	0
1499	103	0
1500	103	0
1501	104	33
1502	104	0
1503	104	0
1504	104	23
1505	105	0
1506	105	0
1507	105	0
1508	105	0
1509	106	0
1510	106	0
1511	106	0
1512	106	0
1513	107	0
1514	107	0
1515	107	0
1516	107	1
1517	108	0
1518	108	0
1519	108	0
1520	108	0
1521	109	0
1522	109	0
1523	109	0
1524	109	0
1525	110	0
1526	110	0
1527	110	0
1528	110	0
1529	111	7
1530	111	0
1531	111	0
1532	111	3
1533	112	69
1534	112	1
1535	112	0
1536	112	51
1537	113	28
1538	113	29
1539	113	0
1540	113	35
1541	114	0
1542	114	0
1543	114	0
1544	114	0
1545	115	0
1546	115	0
1547	115	0
1548	115	0
1549	116	0
1550	116	0
1551	116	0
1552	116	0
1553	117	0
1554	117	0
1555	117	0
1556	117	0
1557	118	0
1558	118	0
1559	118	0
1560	118	0
1561	119	0
1562	119	0
1563	119	0
1564	119	0
1565	120	0
1566	120	0
1567	120	0
1568	120	0
1569	121	0
1570	121	0
1571	121	0
1572	121	0
1573	122	0
1574	122	0
1575	122	0
1576	122	0
1577	123	0
1578	123	0
1579	123	0
1580	123	0
1581	124	0
1582	124	0
1583	124	0
1584	124	0
1585	125	0
1586	125	0
1587	125	0
1588	125	1
1589	126	0
1590	126	0
1591	126	0
1592	126	0
1593	127	0
1594	127	0
1595	127	0
1596	127	0
1597	128	0
1598	128	0
1599	128	0
1600	128	2
1601	129	0
1602	129	0
1603	129	0
1604	129	0
1605	130	0
1606	130	0
1607	130	0
1608	130	0
1609	131	0
1610	131	0
1611	131	0
1612	131	0
1613	132	0
1614	132	0
1615	132	0
1616	132	0
1617	133	0
1618	133	0
1619	133	0
1620	133	0
1621	134	0
1622	134	0
1623	134	0
1624	134	0
1625	135	0
1626	135	0
1627	135	0
1628	135	0
1629	136	0
1630	136	0
1631	136	0
1632	136	0
1633	137	0
1634	137	0
1635	137	0
1636	137	0
1637	138	1
1638	138	0
1639	138	0
1640	138	8
1641	139	0
1642	139	0
1643	139	0
1644	139	0
1645	140	0
1646	140	0
1647	140	0
1648	140	0
1649	141	0
1650	141	0
1651	141	0
1652	141	0
1653	142	0
1654	142	0
1655	142	0
1656	142	0
1657	143	0
1658	143	0
1659	143	0
1660	143	0
1661	144	0
1662	144	0
1663	144	0
1664	144	0
1665	145	0
1666	145	0
1667	145	0
1668	145	0
1669	146	0
1670	146	0
1671	146	0
1672	146	0
1673	147	0
1674	147	0
1675	147	0
1676	147	0
1677	148	4
1678	148	0
1679	148	0
1680	148	1
1681	149	3
1682	149	0
1683	149	0
1684	149	8
1685	150	105
1686	150	17
1687	150	2
1688	150	66
1689	151	0
1690	151	0
1691	151	0
1692	151	0
1693	152	0
1694	152	0
1695	152	0
1696	152	0
1697	153	0
1698	153	0
1699	153	0
1700	153	0
1701	154	0
1702	154	0
1703	154	0
1704	154	0
1705	155	0
1706	155	0
1707	155	0
1708	155	0
1709	156	0
1710	156	0
1711	156	0
1712	156	0
1713	157	0
1714	157	0
1715	157	0
1716	157	0
1717	158	0
1718	158	0
1719	158	0
1720	158	0
1721	159	0
1722	159	0
1723	159	0
1724	159	0
1725	160	0
1726	160	0
1727	160	0
1728	160	0
1729	161	0
1730	161	0
1731	161	0
1732	161	0
1733	162	0
1734	162	0
1735	162	0
1736	162	0
1737	163	0
1738	163	0
1739	163	0
1740	163	0
1741	164	0
1742	164	0
1743	164	0
1744	164	0
1745	165	0
1746	165	0
1747	165	0
1748	165	0
1749	166	0
1750	166	0
1751	166	0
1752	166	0
1753	167	0
1754	167	0
1755	167	0
1756	167	0
1757	168	0
1758	168	0
1759	168	0
1760	168	0
1761	169	0
1762	169	0
1763	169	0
1764	169	0
1765	170	0
1766	170	0
1767	170	0
1768	170	0
1769	171	0
1770	171	0
1771	171	0
1772	171	0
1773	172	0
1774	172	0
1775	172	0
1776	172	0
1777	173	0
1778	173	0
1779	173	0
1780	173	0
1781	174	0
1782	174	0
1783	174	0
1784	174	0
1785	175	0
1786	175	0
1787	175	0
1788	175	0
1789	176	0
1790	176	0
1791	176	0
1792	176	0
1793	177	0
1794	177	0
1795	177	0
1796	177	0
1797	178	0
1798	178	0
1799	178	0
1800	178	0
1801	179	0
1802	179	0
1803	179	0
1804	179	0
1805	180	0
1806	180	0
1807	180	0
1808	180	0
1809	181	0
1810	181	0
1811	181	0
1812	181	0
1813	182	0
1814	182	0
1815	182	0
1816	182	0
1817	183	0
1818	183	0
1819	183	0
1820	183	0
1821	184	0
1822	184	0
1823	184	0
1824	184	0
1825	185	0
1826	185	0
1827	185	0
1828	185	0
1829	186	0
1830	186	0
1831	186	0
1832	186	0
1833	187	0
1834	187	0
1835	187	0
1836	187	0
1837	188	2
1838	188	0
1839	188	0
1840	188	7
1841	189	0
1842	189	0
1843	189	0
1844	189	0
1845	190	0
1846	190	0
1847	190	0
1848	190	0
1849	191	0
1850	191	0
1851	191	0
1852	191	0
1853	192	0
1854	192	0
1855	192	0
1856	192	0
1857	193	0
1858	193	0
1859	193	0
1860	193	0
1861	194	0
1862	194	0
1863	194	0
1864	194	0
1865	195	0
1866	195	0
1867	195	0
1868	195	0
1869	196	0
1870	196	0
1871	196	0
1872	196	0
1873	197	0
1874	197	0
1875	197	0
1876	197	0
1877	198	0
1878	198	0
1879	198	0
1880	198	0
1881	199	0
1882	199	0
1883	199	0
1884	199	0
1885	200	58
1886	200	18
1887	200	0
1888	200	55
1889	201	0
1890	201	0
1891	201	0
1892	201	0
1893	202	16
1894	202	0
1895	202	0
1896	202	11
1897	203	0
1898	203	0
1899	203	0
1900	203	2
1901	204	0
1902	204	0
1903	204	0
1904	204	0
1905	205	0
1906	205	0
1907	205	0
1908	205	0
1909	206	0
1910	206	0
1911	206	0
1912	206	0
1913	207	0
1914	207	0
1915	207	0
1916	207	0
1917	208	0
1918	208	0
1919	208	0
1920	208	0
1921	209	0
1922	209	0
1923	209	0
1924	209	0
1925	210	0
1926	210	0
1927	210	0
1928	210	1
1929	211	0
1930	211	0
1931	211	0
1932	211	0
1933	212	12
1934	212	0
1935	212	0
1936	212	13
1937	213	16
1938	213	0
1939	213	0
1940	213	23
1941	214	0
1942	214	0
1943	214	0
1944	214	0
1945	215	0
1946	215	0
1947	215	0
1948	215	0
1949	216	0
1950	216	0
1951	216	0
1952	216	0
1953	217	0
1954	217	0
1955	217	0
1956	217	0
1957	218	0
1958	218	0
1959	218	0
1960	218	0
1961	219	0
1962	219	0
1963	219	0
1964	219	0
1965	220	0
1966	220	0
1967	220	0
1968	220	0
1969	221	0
1970	221	0
1971	221	0
1972	221	0
1973	222	0
1974	222	0
1975	222	0
1976	222	0
1977	223	0
1978	223	0
1979	223	0
1980	223	0
1981	224	0
1982	224	0
1983	224	0
1984	224	0
1985	225	0
1986	225	0
1987	225	0
1988	225	0
1989	226	0
1990	226	0
1991	226	0
1992	226	0
1993	227	0
1994	227	0
1995	227	0
1996	227	0
1997	228	0
1998	228	0
1999	228	0
2000	228	0
2001	229	0
2002	229	0
2003	229	0
2004	229	0
2005	230	0
2006	230	0
2007	230	0
2008	230	0
2009	231	0
2010	231	0
2011	231	0
2012	231	0
2013	232	0
2014	232	0
2015	232	0
2016	232	0
2017	233	0
2018	233	0
2019	233	0
2020	233	0
2021	234	0
2022	234	0
2023	234	0
2024	234	0
2025	235	0
2026	235	0
2027	235	0
2028	235	0
2029	236	0
2030	236	0
2031	236	0
2032	236	0
2033	237	0
2034	237	0
2035	237	0
2036	237	0
2037	238	0
2038	238	0
2039	238	0
2040	238	0
2041	239	0
2042	239	0
2043	239	0
2044	239	0
2045	240	0
2046	240	0
2047	240	0
2048	240	0
2049	241	0
2050	241	0
2051	241	0
2052	241	0
2053	242	0
2054	242	0
2055	242	0
2056	242	0
2057	243	0
2058	243	0
2059	243	0
2060	243	0
2061	244	0
2062	244	0
2063	244	0
2064	244	0
2065	245	0
2066	245	0
2067	245	0
2068	245	0
2069	246	0
2070	246	0
2071	246	0
2072	246	0
2073	247	0
2074	247	0
2075	247	0
2076	247	0
2077	248	0
2078	248	0
2079	248	0
2080	248	0
2081	249	0
2082	249	0
2083	249	0
2084	249	0
2085	250	0
2086	250	0
2087	250	0
2088	250	0
2089	251	0
2090	251	0
2091	251	0
2092	251	0
2093	252	0
2094	252	0
2095	252	0
2096	252	0
2097	253	39
2098	253	0
2099	253	0
2100	253	15
2101	254	0
2102	254	0
2103	254	0
2104	254	0
2105	255	0
2106	255	0
2107	255	0
2108	255	0
2109	256	0
2110	256	0
2111	256	0
2112	256	0
2113	257	0
2114	257	0
2115	257	0
2116	257	0
2117	258	0
2118	258	0
2119	258	0
2120	258	0
2121	259	0
2122	259	0
2123	259	0
2124	259	0
2125	260	0
2126	260	0
2127	260	0
2128	260	0
2129	261	0
2130	261	0
2131	261	0
2132	261	0
2133	262	0
2134	262	0
2135	262	0
2136	262	0
2137	263	0
2138	263	0
2139	263	0
2140	263	0
2141	264	0
2142	264	0
2143	264	0
2144	264	0
2145	265	0
2146	265	0
2147	265	0
2148	265	0
2149	266	0
2150	266	0
2151	266	0
2152	266	0
2153	267	0
2154	267	0
2155	267	0
2156	267	0
2157	268	0
2158	268	0
2159	268	0
2160	268	0
2161	269	6
2162	269	0
2163	269	0
2164	269	5
2165	270	0
2166	270	0
2167	270	0
2168	270	0
2169	271	0
2170	271	0
2171	271	0
2172	271	0
2173	272	0
2174	272	0
2175	272	0
2176	272	0
2177	273	0
2178	273	0
2179	273	0
2180	273	0
2181	274	48
2182	274	0
2183	274	90
2184	274	36
2185	275	7
2186	275	0
2187	275	11
2188	275	6
2189	276	0
2190	276	0
2191	276	0
2192	276	0
2193	277	0
2194	277	0
2195	277	0
2196	277	0
2197	278	0
2198	278	0
2199	278	0
2200	278	0
2201	279	0
2202	279	0
2203	279	0
2204	279	0
2205	280	0
2206	280	0
2207	280	0
2208	280	0
2209	97	0
2210	97	0
2211	97	0
2212	97	0
2213	98	0
2214	98	0
2215	98	0
2216	98	0
2217	99	0
2218	99	0
2219	99	0
2220	99	0
2221	100	0
2222	100	0
2223	100	0
2224	100	0
2225	101	0
2226	101	0
2227	101	0
2228	101	0
2229	102	0
2230	102	0
2231	102	0
2232	102	0
2233	103	0
2234	103	0
2235	103	0
2236	103	0
2237	104	0
2238	104	0
2239	104	0
2240	104	2
2241	105	0
2242	105	0
2243	105	0
2244	105	0
2245	106	0
2246	106	0
2247	106	0
2248	106	0
2249	107	0
2250	107	0
2251	107	0
2252	107	0
2253	108	0
2254	108	0
2255	108	0
2256	108	0
2257	109	0
2258	109	0
2259	109	0
2260	109	0
2261	110	0
2262	110	0
2263	110	0
2264	110	0
2265	111	0
2266	111	0
2267	111	0
2268	111	0
2269	112	0
2270	112	0
2271	112	0
2272	112	0
2273	113	0
2274	113	0
2275	113	0
2276	113	0
2277	114	0
2278	114	0
2279	114	0
2280	114	0
2281	115	0
2282	115	0
2283	115	0
2284	115	0
2285	116	0
2286	116	0
2287	116	0
2288	116	0
2289	117	0
2290	117	0
2291	117	0
2292	117	0
2293	118	0
2294	118	0
2295	118	0
2296	118	0
2297	119	0
2298	119	0
2299	119	0
2300	119	0
2301	120	0
2302	120	0
2303	120	0
2304	120	0
2305	121	0
2306	121	0
2307	121	0
2308	121	0
2309	122	0
2310	122	0
2311	122	0
2312	122	0
2313	123	0
2314	123	0
2315	123	0
2316	123	0
2317	124	0
2318	124	0
2319	124	0
2320	124	0
2321	125	7
2322	125	0
2323	125	0
2324	125	2
2325	126	0
2326	126	0
2327	126	0
2328	126	0
2329	127	0
2330	127	0
2331	127	0
2332	127	0
2333	128	0
2334	128	0
2335	128	0
2336	128	0
2337	129	0
2338	129	0
2339	129	0
2340	129	0
2341	130	0
2342	130	0
2343	130	0
2344	130	0
2345	131	0
2346	131	0
2347	131	0
2348	131	0
2349	132	0
2350	132	0
2351	132	0
2352	132	0
2353	133	0
2354	133	0
2355	133	0
2356	133	0
2357	134	0
2358	134	0
2359	134	0
2360	134	0
2361	135	0
2362	135	0
2363	135	0
2364	135	0
2365	136	0
2366	136	0
2367	136	0
2368	136	0
2369	137	0
2370	137	0
2371	137	0
2372	137	0
2373	138	0
2374	138	0
2375	138	0
2376	138	0
2377	139	0
2378	139	0
2379	139	0
2380	139	0
2381	140	0
2382	140	0
2383	140	0
2384	140	0
2385	141	6
2386	141	0
2387	141	0
2388	141	5
2389	142	0
2390	142	0
2391	142	0
2392	142	1
2393	143	0
2394	143	0
2395	143	0
2396	143	0
2397	144	0
2398	144	0
2399	144	0
2400	144	0
2401	145	0
2402	145	0
2403	145	0
2404	145	0
2405	146	0
2406	146	0
2407	146	0
2408	146	0
2409	147	0
2410	147	0
2411	147	0
2412	147	0
2413	148	0
2414	148	0
2415	148	0
2416	148	0
2417	149	0
2418	149	0
2419	149	0
2420	149	0
2421	150	0
2422	150	0
2423	150	0
2424	150	5
2425	151	0
2426	151	0
2427	151	0
2428	151	0
2429	152	0
2430	152	0
2431	152	0
2432	152	0
2433	153	0
2434	153	0
2435	153	0
2436	153	0
2437	154	0
2438	154	0
2439	154	0
2440	154	0
2441	155	0
2442	155	0
2443	155	0
2444	155	0
2445	156	0
2446	156	0
2447	156	0
2448	156	0
2449	157	0
2450	157	0
2451	157	0
2452	157	0
2453	158	0
2454	158	0
2455	158	0
2456	158	0
2457	159	0
2458	159	0
2459	159	0
2460	159	0
2461	160	0
2462	160	0
2463	160	0
2464	160	0
2465	161	46
2466	161	1
2467	161	0
2468	161	37
2469	162	0
2470	162	0
2471	162	0
2472	162	0
2473	163	0
2474	163	0
2475	163	0
2476	163	0
2477	164	0
2478	164	0
2479	164	0
2480	164	0
2481	165	0
2482	165	0
2483	165	0
2484	165	0
2485	166	0
2486	166	0
2487	166	0
2488	166	0
2489	167	0
2490	167	0
2491	167	0
2492	167	0
2493	168	0
2494	168	0
2495	168	0
2496	168	0
2497	169	0
2498	169	0
2499	169	0
2500	169	0
2501	170	0
2502	170	0
2503	170	0
2504	170	0
2505	171	0
2506	171	0
2507	171	0
2508	171	0
2509	172	0
2510	172	0
2511	172	0
2512	172	0
2513	173	0
2514	173	0
2515	173	0
2516	173	0
2517	174	0
2518	174	0
2519	174	0
2520	174	0
2521	175	0
2522	175	0
2523	175	0
2524	175	0
2525	176	0
2526	176	0
2527	176	0
2528	176	0
2529	177	0
2530	177	0
2531	177	0
2532	177	0
2533	178	0
2534	178	0
2535	178	0
2536	178	0
2537	179	0
2538	179	0
2539	179	0
2540	179	0
2541	180	0
2542	180	0
2543	180	0
2544	180	0
2545	181	0
2546	181	0
2547	181	0
2548	181	0
2549	182	0
2550	182	0
2551	182	0
2552	182	0
2553	183	0
2554	183	0
2555	183	0
2556	183	0
2557	184	0
2558	184	0
2559	184	0
2560	184	0
2561	185	0
2562	185	0
2563	185	0
2564	185	0
2565	186	0
2566	186	0
2567	186	0
2568	186	0
2569	187	0
2570	187	0
2571	187	0
2572	187	0
2573	188	0
2574	188	0
2575	188	0
2576	188	0
2577	189	0
2578	189	0
2579	189	0
2580	189	0
2581	190	0
2582	190	0
2583	190	0
2584	190	0
2585	191	0
2586	191	0
2587	191	0
2588	191	0
2589	192	0
2590	192	0
2591	192	0
2592	192	0
2593	193	0
2594	193	0
2595	193	0
2596	193	0
2597	194	0
2598	194	0
2599	194	0
2600	194	0
2601	195	0
2602	195	0
2603	195	0
2604	195	0
2605	196	27
2606	196	0
2607	196	0
2608	196	17
2609	197	0
2610	197	0
2611	197	0
2612	197	0
2613	198	0
2614	198	0
2615	198	0
2616	198	0
2617	199	39
2618	199	0
2619	199	0
2620	199	25
2621	200	0
2622	200	0
2623	200	0
2624	200	1
2625	201	3
2626	201	0
2627	201	0
2628	201	5
2629	202	0
2630	202	0
2631	202	0
2632	202	3
2633	203	0
2634	203	0
2635	203	0
2636	203	7
2637	204	0
2638	204	0
2639	204	0
2640	204	0
2641	205	0
2642	205	0
2643	205	0
2644	205	0
2645	206	0
2646	206	0
2647	206	0
2648	206	0
2649	207	0
2650	207	0
2651	207	0
2652	207	0
2653	208	0
2654	208	0
2655	208	0
2656	208	0
2657	209	0
2658	209	0
2659	209	0
2660	209	0
2661	210	7
2662	210	6
2663	210	1
2664	210	9
2665	211	8
2666	211	1
2667	211	1
2668	211	7
2669	212	0
2670	212	0
2671	212	0
2672	212	0
2673	213	0
2674	213	0
2675	213	0
2676	213	0
2677	214	0
2678	214	0
2679	214	0
2680	214	0
2681	215	0
2682	215	0
2683	215	0
2684	215	0
2685	216	0
2686	216	0
2687	216	0
2688	216	0
2689	217	0
2690	217	0
2691	217	0
2692	217	0
2693	218	0
2694	218	0
2695	218	0
2696	218	0
2697	219	16
2698	219	0
2699	219	0
2700	219	19
2701	220	0
2702	220	0
2703	220	0
2704	220	0
2705	221	0
2706	221	0
2707	221	0
2708	221	0
2709	222	0
2710	222	0
2711	222	0
2712	222	0
2713	223	0
2714	223	0
2715	223	0
2716	223	0
2717	224	0
2718	224	0
2719	224	0
2720	224	0
2721	225	0
2722	225	0
2723	225	0
2724	225	0
2725	226	0
2726	226	0
2727	226	0
2728	226	0
2729	227	0
2730	227	0
2731	227	0
2732	227	0
2733	228	0
2734	228	0
2735	228	0
2736	228	0
2737	229	0
2738	229	0
2739	229	0
2740	229	0
2741	230	0
2742	230	0
2743	230	0
2744	230	0
2745	231	0
2746	231	0
2747	231	0
2748	231	0
2749	232	0
2750	232	0
2751	232	0
2752	232	0
2753	233	0
2754	233	0
2755	233	0
2756	233	0
2757	234	0
2758	234	0
2759	234	0
2760	234	0
2761	235	0
2762	235	0
2763	235	0
2764	235	0
2765	236	0
2766	236	0
2767	236	0
2768	236	0
2769	237	0
2770	237	0
2771	237	0
2772	237	0
2773	238	0
2774	238	0
2775	238	0
2776	238	0
2777	239	0
2778	239	0
2779	239	0
2780	239	0
2781	240	0
2782	240	0
2783	240	0
2784	240	0
2785	241	0
2786	241	0
2787	241	0
2788	241	0
2789	242	0
2790	242	0
2791	242	0
2792	242	0
2793	243	0
2794	243	0
2795	243	0
2796	243	0
2797	244	0
2798	244	0
2799	244	0
2800	244	0
2801	245	0
2802	245	0
2803	245	0
2804	245	0
2805	246	0
2806	246	0
2807	246	0
2808	246	0
2809	247	0
2810	247	0
2811	247	0
2812	247	0
2813	248	0
2814	248	0
2815	248	0
2816	248	0
2817	249	0
2818	249	0
2819	249	0
2820	249	0
2821	250	0
2822	250	0
2823	250	0
2824	250	0
2825	251	0
2826	251	0
2827	251	0
2828	251	0
2829	252	0
2830	252	0
2831	252	0
2832	252	0
2833	253	0
2834	253	0
2835	253	0
2836	253	0
2837	254	0
2838	254	0
2839	254	0
2840	254	0
2841	255	0
2842	255	0
2843	255	0
2844	255	0
2845	256	0
2846	256	0
2847	256	0
2848	256	0
2849	257	0
2850	257	0
2851	257	0
2852	257	0
2853	258	0
2854	258	0
2855	258	0
2856	258	0
2857	259	0
2858	259	0
2859	259	0
2860	259	0
2861	260	0
2862	260	0
2863	260	0
2864	260	0
2865	261	0
2866	261	0
2867	261	0
2868	261	0
2869	262	0
2870	262	0
2871	262	0
2872	262	0
2873	263	0
2874	263	0
2875	263	0
2876	263	0
2877	264	0
2878	264	0
2879	264	0
2880	264	0
2881	265	0
2882	265	0
2883	265	0
2884	265	0
2885	266	0
2886	266	0
2887	266	0
2888	266	0
2889	267	0
2890	267	0
2891	267	0
2892	267	0
2893	268	0
2894	268	0
2895	268	0
2896	268	0
2897	269	0
2898	269	0
2899	269	0
2900	269	0
2901	270	0
2902	270	0
2903	270	0
2904	270	0
2905	271	0
2906	271	0
2907	271	0
2908	271	0
2909	272	0
2910	272	0
2911	272	0
2912	272	0
2913	273	0
2914	273	0
2915	273	0
2916	273	0
2917	274	4
2918	274	0
2919	274	22
2920	274	10
2921	275	34
2922	275	1
2923	275	49
2924	275	24
2925	276	0
2926	276	0
2927	276	0
2928	276	0
2929	277	0
2930	277	0
2931	277	0
2932	277	0
2933	278	0
2934	278	0
2935	278	0
2936	278	0
2937	279	0
2938	279	0
2939	279	0
2940	279	0
2941	280	0
2942	280	0
2943	280	0
2944	280	0
2945	97	10
2946	97	0
2947	97	0
2948	97	17
2949	98	3
2950	98	0
2951	98	0
2952	98	5
2953	99	25
2954	99	5
2955	99	0
2956	99	27
2957	100	17
2958	100	2
2959	100	0
2960	100	15
2961	101	8
2962	101	0
2963	101	0
2964	101	9
2965	102	14
2966	102	8
2967	102	0
2968	102	26
2969	103	29
2970	103	0
2971	103	0
2972	103	28
2973	104	8
2974	104	2
2975	104	0
2976	104	20
2977	105	6
2978	105	7
2979	105	0
2980	105	17
2981	106	0
2982	106	0
2983	106	0
2984	106	0
2985	107	16
2986	107	14
2987	107	0
2988	107	17
2989	108	2
2990	108	2
2991	108	0
2992	108	16
2993	109	25
2994	109	7
2995	109	0
2996	109	17
2997	110	28
2998	110	4
2999	110	0
3000	110	23
3001	111	3
3002	111	0
3003	111	0
3004	111	5
3005	112	6
3006	112	5
3007	112	0
3008	112	15
3009	113	12
3010	113	1
3011	113	0
3012	113	10
3013	114	8
3014	114	0
3015	114	0
3016	114	13
3017	115	7
3018	115	0
3019	115	0
3020	115	16
3021	116	18
3022	116	3
3023	116	0
3024	116	28
3025	117	0
3026	117	0
3027	117	0
3028	117	4
3029	118	9
3030	118	4
3031	118	0
3032	118	21
3033	119	10
3034	119	19
3035	119	0
3036	119	17
3037	120	1
3038	120	0
3039	120	0
3040	120	3
3041	121	10
3042	121	1
3043	121	0
3044	121	12
3045	122	0
3046	122	0
3047	122	0
3048	122	0
3049	123	2
3050	123	9
3051	123	0
3052	123	13
3053	124	12
3054	124	4
3055	124	0
3056	124	22
3057	125	9
3058	125	5
3059	125	0
3060	125	14
3061	126	16
3062	126	6
3063	126	0
3064	126	24
3065	127	6
3066	127	3
3067	127	0
3068	127	22
3069	128	4
3070	128	5
3071	128	0
3072	128	15
3073	129	0
3074	129	0
3075	129	0
3076	129	0
3077	130	9
3078	130	9
3079	130	0
3080	130	18
3081	131	10
3082	131	4
3083	131	0
3084	131	19
3085	132	9
3086	132	1
3087	132	0
3088	132	14
3089	133	5
3090	133	1
3091	133	0
3092	133	6
3093	134	9
3094	134	0
3095	134	0
3096	134	21
3097	135	8
3098	135	2
3099	135	0
3100	135	12
3101	136	11
3102	136	0
3103	136	0
3104	136	13
3105	137	8
3106	137	28
3107	137	0
3108	137	28
3109	138	0
3110	138	0
3111	138	0
3112	138	4
3113	139	33
3114	139	10
3115	139	0
3116	139	30
3117	140	15
3118	140	28
3119	140	0
3120	140	23
3121	141	16
3122	141	0
3123	141	0
3124	141	17
3125	142	17
3126	142	0
3127	142	0
3128	142	20
3129	143	0
3130	143	0
3131	143	0
3132	143	0
3133	144	8
3134	144	1
3135	144	0
3136	144	5
3137	145	5
3138	145	0
3139	145	0
3140	145	17
3141	146	0
3142	146	4
3143	146	0
3144	146	4
3145	147	7
3146	147	28
3147	147	0
3148	147	36
3149	148	7
3150	148	4
3151	148	0
3152	148	10
3153	149	22
3154	149	5
3155	149	0
3156	149	33
3157	150	51
3158	150	0
3159	150	0
3160	150	47
3161	151	2
3162	151	0
3163	151	0
3164	151	8
3165	152	11
3166	152	2
3167	152	0
3168	152	18
3169	153	5
3170	153	0
3171	153	0
3172	153	3
3173	154	2
3174	154	2
3175	154	0
3176	154	4
3177	155	15
3178	155	0
3179	155	0
3180	155	13
3181	156	8
3182	156	0
3183	156	0
3184	156	8
3185	157	28
3186	157	2
3187	157	0
3188	157	31
3189	158	15
3190	158	5
3191	158	0
3192	158	19
3193	159	26
3194	159	0
3195	159	0
3196	159	25
3197	160	11
3198	160	3
3199	160	0
3200	160	26
3201	161	0
3202	161	0
3203	161	0
3204	161	0
3205	162	0
3206	162	0
3207	162	0
3208	162	0
3209	163	0
3210	163	0
3211	163	0
3212	163	0
3213	164	19
3214	164	0
3215	164	0
3216	164	16
3217	165	3
3218	165	0
3219	165	0
3220	165	4
3221	166	8
3222	166	0
3223	166	0
3224	166	22
3225	167	10
3226	167	0
3227	167	0
3228	167	18
3229	168	0
3230	168	0
3231	168	0
3232	168	1
3233	169	22
3234	169	1
3235	169	0
3236	169	22
3237	170	34
3238	170	1
3239	170	0
3240	170	27
3241	171	10
3242	171	4
3243	171	0
3244	171	18
3245	172	5
3246	172	0
3247	172	0
3248	172	7
3249	173	0
3250	173	0
3251	173	0
3252	173	0
3253	174	0
3254	174	0
3255	174	0
3256	174	0
3257	175	7
3258	175	5
3259	175	0
3260	175	18
3261	176	0
3262	176	0
3263	176	0
3264	176	1
3265	177	0
3266	177	0
3267	177	0
3268	177	0
3269	178	0
3270	178	0
3271	178	0
3272	178	0
3273	179	7
3274	179	8
3275	179	0
3276	179	6
3277	180	0
3278	180	0
3279	180	0
3280	180	0
3281	181	4
3282	181	1
3283	181	0
3284	181	14
3285	182	0
3286	182	0
3287	182	0
3288	182	0
3289	183	8
3290	183	0
3291	183	0
3292	183	3
3293	184	6
3294	184	1
3295	184	0
3296	184	11
3297	185	0
3298	185	0
3299	185	0
3300	185	0
3301	186	0
3302	186	0
3303	186	0
3304	186	0
3305	187	0
3306	187	0
3307	187	0
3308	187	0
3309	188	45
3310	188	1
3311	188	0
3312	188	39
3313	189	2
3314	189	0
3315	189	0
3316	189	2
3317	190	0
3318	190	0
3319	190	0
3320	190	0
3321	191	0
3322	191	0
3323	191	0
3324	191	1
3325	192	75
3326	192	9
3327	192	1
3328	192	46
3329	193	55
3330	193	12
3331	193	1
3332	193	41
3333	194	7
3334	194	0
3335	194	0
3336	194	10
3337	195	0
3338	195	0
3339	195	0
3340	195	0
3341	196	23
3342	196	0
3343	196	0
3344	196	7
3345	197	0
3346	197	0
3347	197	0
3348	197	0
3349	198	0
3350	198	0
3351	198	0
3352	198	0
3353	199	4
3354	199	7
3355	199	0
3356	199	6
3357	200	17
3358	200	0
3359	200	0
3360	200	20
3361	201	17
3362	201	0
3363	201	0
3364	201	15
3365	202	6
3366	202	0
3367	202	0
3368	202	5
3369	203	0
3370	203	0
3371	203	0
3372	203	0
3373	204	112
3374	204	77
3375	204	0
3376	204	68
3377	205	0
3378	205	0
3379	205	0
3380	205	0
3381	206	0
3382	206	0
3383	206	0
3384	206	0
3385	207	4
3386	207	0
3387	207	0
3388	207	2
3389	208	7
3390	208	0
3391	208	0
3392	208	8
3393	209	7
3394	209	0
3395	209	0
3396	209	10
3397	210	0
3398	210	0
3399	210	0
3400	210	0
3401	211	11
3402	211	2
3403	211	0
3404	211	18
3405	212	0
3406	212	0
3407	212	0
3408	212	0
3409	213	0
3410	213	0
3411	213	0
3412	213	0
3413	214	0
3414	214	0
3415	214	0
3416	214	0
3417	215	0
3418	215	0
3419	215	0
3420	215	0
3421	216	0
3422	216	0
3423	216	0
3424	216	0
3425	217	0
3426	217	0
3427	217	0
3428	217	0
3429	218	0
3430	218	0
3431	218	0
3432	218	0
3433	219	0
3434	219	0
3435	219	0
3436	219	0
3437	220	0
3438	220	0
3439	220	0
3440	220	0
3441	221	0
3442	221	0
3443	221	0
3444	221	0
3445	222	0
3446	222	0
3447	222	0
3448	222	0
3449	223	0
3450	223	0
3451	223	0
3452	223	0
3453	224	0
3454	224	0
3455	224	0
3456	224	0
3457	225	0
3458	225	0
3459	225	0
3460	225	0
3461	226	0
3462	226	0
3463	226	0
3464	226	0
3465	227	0
3466	227	0
3467	227	0
3468	227	0
3469	228	0
3470	228	0
3471	228	0
3472	228	0
3473	229	0
3474	229	0
3475	229	0
3476	229	0
3477	230	0
3478	230	0
3479	230	0
3480	230	0
3481	231	0
3482	231	0
3483	231	0
3484	231	0
3485	232	0
3486	232	0
3487	232	0
3488	232	0
3489	233	0
3490	233	0
3491	233	0
3492	233	0
3493	234	0
3494	234	0
3495	234	0
3496	234	0
3497	235	0
3498	235	0
3499	235	0
3500	235	0
3501	236	0
3502	236	0
3503	236	0
3504	236	0
3505	237	0
3506	237	0
3507	237	0
3508	237	0
3509	238	0
3510	238	0
3511	238	0
3512	238	0
3513	239	0
3514	239	0
3515	239	0
3516	239	0
3517	240	0
3518	240	0
3519	240	0
3520	240	0
3521	241	0
3522	241	0
3523	241	0
3524	241	0
3525	242	0
3526	242	0
3527	242	0
3528	242	0
3529	243	0
3530	243	0
3531	243	0
3532	243	0
3533	244	0
3534	244	0
3535	244	0
3536	244	0
3537	245	0
3538	245	0
3539	245	0
3540	245	0
3541	246	0
3542	246	0
3543	246	0
3544	246	0
3545	247	0
3546	247	0
3547	247	0
3548	247	0
3549	248	0
3550	248	0
3551	248	0
3552	248	0
3553	249	0
3554	249	0
3555	249	0
3556	249	0
3557	250	0
3558	250	0
3559	250	0
3560	250	0
3561	251	0
3562	251	0
3563	251	0
3564	251	0
3565	252	0
3566	252	0
3567	252	0
3568	252	0
3569	253	0
3570	253	0
3571	253	0
3572	253	0
3573	254	0
3574	254	0
3575	254	0
3576	254	0
3577	255	0
3578	255	0
3579	255	0
3580	255	0
3581	256	0
3582	256	0
3583	256	0
3584	256	0
3585	257	0
3586	257	0
3587	257	0
3588	257	0
3589	258	0
3590	258	0
3591	258	0
3592	258	0
3593	259	0
3594	259	0
3595	259	0
3596	259	0
3597	260	0
3598	260	0
3599	260	0
3600	260	0
3601	261	0
3602	261	0
3603	261	0
3604	261	0
3605	262	0
3606	262	0
3607	262	0
3608	262	0
3609	263	0
3610	263	0
3611	263	0
3612	263	0
3613	264	0
3614	264	0
3615	264	0
3616	264	0
3617	265	0
3618	265	0
3619	265	0
3620	265	0
3621	266	0
3622	266	0
3623	266	0
3624	266	0
3625	267	0
3626	267	0
3627	267	0
3628	267	0
3629	268	0
3630	268	0
3631	268	0
3632	268	0
3633	269	0
3634	269	0
3635	269	0
3636	269	0
3637	270	0
3638	270	0
3639	270	0
3640	270	0
3641	271	0
3642	271	0
3643	271	0
3644	271	0
3645	272	0
3646	272	0
3647	272	0
3648	272	0
3649	273	0
3650	273	0
3651	273	0
3652	273	0
3653	274	0
3654	274	0
3655	274	0
3656	274	0
3657	275	0
3658	275	0
3659	275	0
3660	275	0
3661	276	0
3662	276	0
3663	276	0
3664	276	0
3665	277	0
3666	277	0
3667	277	0
3668	277	0
3669	278	0
3670	278	0
3671	278	0
3672	278	0
3673	279	0
3674	279	0
3675	279	0
3676	279	0
3677	280	0
3678	280	0
3679	280	0
3680	280	0
3681	97	3
3682	97	0
3683	97	0
3684	97	5
3685	98	2
3686	98	0
3687	98	0
3688	98	3
3689	99	0
3690	99	0
3691	99	0
3692	99	0
3693	100	0
3694	100	0
3695	100	0
3696	100	0
3697	101	19
3698	101	5
3699	101	0
3700	101	22
3701	102	0
3702	102	0
3703	102	0
3704	102	0
3705	103	9
3706	103	0
3707	103	0
3708	103	8
3709	104	0
3710	104	0
3711	104	0
3712	104	0
3713	105	0
3714	105	0
3715	105	0
3716	105	0
3717	106	0
3718	106	0
3719	106	0
3720	106	0
3721	107	0
3722	107	0
3723	107	0
3724	107	0
3725	108	0
3726	108	0
3727	108	0
3728	108	0
3729	109	0
3730	109	0
3731	109	0
3732	109	0
3733	110	0
3734	110	0
3735	110	0
3736	110	4
3737	111	0
3738	111	0
3739	111	0
3740	111	0
3741	112	0
3742	112	0
3743	112	0
3744	112	0
3745	113	0
3746	113	0
3747	113	0
3748	113	0
3749	114	1
3750	114	0
3751	114	0
3752	114	1
3753	115	0
3754	115	0
3755	115	0
3756	115	0
3757	116	0
3758	116	0
3759	116	0
3760	116	0
3761	117	0
3762	117	0
3763	117	0
3764	117	0
3765	118	0
3766	118	0
3767	118	0
3768	118	0
3769	119	0
3770	119	0
3771	119	0
3772	119	0
3773	120	6
3774	120	6
3775	120	0
3776	120	14
3777	121	0
3778	121	0
3779	121	0
3780	121	1
3781	122	2
3782	122	0
3783	122	0
3784	122	2
3785	123	2
3786	123	0
3787	123	0
3788	123	4
3789	124	0
3790	124	0
3791	124	0
3792	124	0
3793	125	0
3794	125	0
3795	125	0
3796	125	0
3797	126	0
3798	126	0
3799	126	0
3800	126	0
3801	127	0
3802	127	0
3803	127	0
3804	127	0
3805	128	0
3806	128	0
3807	128	0
3808	128	0
3809	129	0
3810	129	0
3811	129	0
3812	129	0
3813	130	0
3814	130	0
3815	130	0
3816	130	0
3817	131	0
3818	131	0
3819	131	0
3820	131	1
3821	132	0
3822	132	0
3823	132	0
3824	132	0
3825	133	1
3826	133	0
3827	133	0
3828	133	2
3829	134	0
3830	134	0
3831	134	0
3832	134	1
3833	135	0
3834	135	0
3835	135	0
3836	135	0
3837	136	0
3838	136	0
3839	136	0
3840	136	0
3841	137	0
3842	137	0
3843	137	0
3844	137	0
3845	138	2
3846	138	0
3847	138	0
3848	138	1
3849	139	0
3850	139	0
3851	139	0
3852	139	0
3853	140	0
3854	140	0
3855	140	0
3856	140	0
3857	141	0
3858	141	0
3859	141	0
3860	141	0
3861	142	0
3862	142	0
3863	142	0
3864	142	0
3865	143	4
3866	143	0
3867	143	0
3868	143	3
3869	144	0
3870	144	0
3871	144	0
3872	144	0
3873	145	2
3874	145	0
3875	145	0
3876	145	2
3877	146	0
3878	146	0
3879	146	0
3880	146	0
3881	147	0
3882	147	0
3883	147	0
3884	147	0
3885	148	0
3886	148	0
3887	148	0
3888	148	0
3889	149	8
3890	149	0
3891	149	0
3892	149	6
3893	150	0
3894	150	0
3895	150	0
3896	150	0
3897	151	6
3898	151	1
3899	151	0
3900	151	19
3901	152	0
3902	152	0
3903	152	0
3904	152	0
3905	153	20
3906	153	1
3907	153	0
3908	153	23
3909	154	0
3910	154	0
3911	154	0
3912	154	0
3913	155	0
3914	155	0
3915	155	0
3916	155	0
3917	156	0
3918	156	0
3919	156	0
3920	156	0
3921	157	0
3922	157	0
3923	157	0
3924	157	0
3925	158	0
3926	158	0
3927	158	0
3928	158	0
3929	159	0
3930	159	0
3931	159	0
3932	159	0
3933	160	6
3934	160	0
3935	160	0
3936	160	4
3937	161	3
3938	161	0
3939	161	0
3940	161	7
3941	162	0
3942	162	0
3943	162	0
3944	162	6
3945	163	2
3946	163	4
3947	163	0
3948	163	4
3949	164	0
3950	164	0
3951	164	0
3952	164	0
3953	165	13
3954	165	0
3955	165	0
3956	165	13
3957	166	1
3958	166	0
3959	166	0
3960	166	2
3961	167	0
3962	167	0
3963	167	0
3964	167	0
3965	168	17
3966	168	0
3967	168	0
3968	168	7
3969	169	8
3970	169	5
3971	169	0
3972	169	12
3973	170	0
3974	170	0
3975	170	0
3976	170	0
3977	171	0
3978	171	0
3979	171	0
3980	171	0
3981	172	4
3982	172	0
3983	172	0
3984	172	6
3985	173	1
3986	173	0
3987	173	0
3988	173	3
3989	174	10
3990	174	8
3991	174	3
3992	174	9
3993	175	0
3994	175	0
3995	175	0
3996	175	4
3997	176	0
3998	176	0
3999	176	0
4000	176	0
4001	177	16
4002	177	0
4003	177	0
4004	177	6
4005	178	17
4006	178	3
4007	178	0
4008	178	24
4009	179	0
4010	179	0
4011	179	0
4012	179	0
4013	180	2
4014	180	0
4015	180	0
4016	180	7
4017	181	0
4018	181	0
4019	181	0
4020	181	0
4021	182	0
4022	182	0
4023	182	0
4024	182	0
4025	183	11
4026	183	0
4027	183	1
4028	183	17
4029	184	0
4030	184	0
4031	184	0
4032	184	0
4033	185	0
4034	185	0
4035	185	0
4036	185	0
4037	186	7
4038	186	3
4039	186	0
4040	186	6
4041	187	0
4042	187	0
4043	187	0
4044	187	0
4045	188	0
4046	188	0
4047	188	0
4048	188	2
4049	189	5
4050	189	0
4051	189	0
4052	189	5
4053	190	7
4054	190	0
4055	190	0
4056	190	9
4057	191	12
4058	191	0
4059	191	0
4060	191	14
4061	192	0
4062	192	0
4063	192	0
4064	192	2
4065	193	1
4066	193	0
4067	193	0
4068	193	5
4069	194	9
4070	194	8
4071	194	0
4072	194	5
4073	195	0
4074	195	0
4075	195	0
4076	195	0
4077	196	0
4078	196	0
4079	196	0
4080	196	0
4081	197	0
4082	197	0
4083	197	0
4084	197	0
4085	198	0
4086	198	0
4087	198	0
4088	198	0
4089	199	0
4090	199	0
4091	199	0
4092	199	1
4093	200	0
4094	200	0
4095	200	0
4096	200	0
4097	201	0
4098	201	0
4099	201	0
4100	201	0
4101	202	0
4102	202	0
4103	202	0
4104	202	0
4105	203	0
4106	203	0
4107	203	0
4108	203	0
4109	204	0
4110	204	0
4111	204	0
4112	204	0
4113	205	0
4114	205	0
4115	205	0
4116	205	0
4117	206	10
4118	206	8
4119	206	0
4120	206	7
4121	207	0
4122	207	0
4123	207	0
4124	207	0
4125	208	0
4126	208	0
4127	208	0
4128	208	0
4129	209	0
4130	209	0
4131	209	0
4132	209	0
4133	210	4
4134	210	5
4135	210	0
4136	210	11
4137	211	0
4138	211	0
4139	211	0
4140	211	0
4141	212	0
4142	212	0
4143	212	0
4144	212	3
4145	213	0
4146	213	0
4147	213	0
4148	213	1
4149	214	0
4150	214	0
4151	214	0
4152	214	0
4153	215	0
4154	215	0
4155	215	0
4156	215	2
4157	216	0
4158	216	0
4159	216	0
4160	216	0
4161	217	0
4162	217	0
4163	217	0
4164	217	0
4165	218	0
4166	218	0
4167	218	0
4168	218	0
4169	219	0
4170	219	0
4171	219	0
4172	219	0
4173	220	0
4174	220	0
4175	220	0
4176	220	0
4177	221	0
4178	221	0
4179	221	0
4180	221	0
4181	222	0
4182	222	0
4183	222	0
4184	222	0
4185	223	0
4186	223	0
4187	223	0
4188	223	0
4189	224	0
4190	224	0
4191	224	0
4192	224	0
4193	225	0
4194	225	0
4195	225	0
4196	225	0
4197	226	0
4198	226	0
4199	226	0
4200	226	0
4201	227	7
4202	227	0
4203	227	0
4204	227	4
4205	228	0
4206	228	0
4207	228	0
4208	228	0
4209	229	0
4210	229	0
4211	229	0
4212	229	0
4213	230	0
4214	230	0
4215	230	0
4216	230	0
4217	231	0
4218	231	0
4219	231	0
4220	231	0
4221	232	0
4222	232	0
4223	232	0
4224	232	0
4225	233	0
4226	233	0
4227	233	0
4228	233	0
4229	234	0
4230	234	0
4231	234	0
4232	234	0
4233	235	0
4234	235	0
4235	235	0
4236	235	0
4237	236	0
4238	236	0
4239	236	0
4240	236	0
4241	237	0
4242	237	0
4243	237	0
4244	237	0
4245	238	0
4246	238	0
4247	238	0
4248	238	0
4249	239	0
4250	239	0
4251	239	0
4252	239	0
4253	240	0
4254	240	0
4255	240	0
4256	240	0
4257	241	0
4258	241	0
4259	241	0
4260	241	0
4261	242	0
4262	242	0
4263	242	0
4264	242	0
4265	243	0
4266	243	0
4267	243	0
4268	243	0
4269	244	0
4270	244	0
4271	244	0
4272	244	0
4273	245	0
4274	245	0
4275	245	0
4276	245	0
4277	246	0
4278	246	0
4279	246	0
4280	246	0
4281	247	0
4282	247	0
4283	247	0
4284	247	0
4285	248	0
4286	248	0
4287	248	0
4288	248	0
4289	249	0
4290	249	0
4291	249	0
4292	249	0
4293	250	0
4294	250	0
4295	250	0
4296	250	0
4297	251	0
4298	251	0
4299	251	0
4300	251	0
4301	252	0
4302	252	0
4303	252	0
4304	252	0
4305	253	0
4306	253	0
4307	253	0
4308	253	0
4309	254	0
4310	254	0
4311	254	0
4312	254	0
4313	255	0
4314	255	0
4315	255	0
4316	255	0
4317	256	0
4318	256	0
4319	256	0
4320	256	0
4321	257	0
4322	257	0
4323	257	0
4324	257	0
4325	258	0
4326	258	0
4327	258	0
4328	258	0
4329	259	0
4330	259	0
4331	259	0
4332	259	0
4333	260	0
4334	260	0
4335	260	0
4336	260	0
4337	261	0
4338	261	0
4339	261	0
4340	261	0
4341	262	0
4342	262	0
4343	262	0
4344	262	0
4345	263	0
4346	263	0
4347	263	0
4348	263	0
4349	264	0
4350	264	0
4351	264	0
4352	264	0
4353	265	0
4354	265	0
4355	265	0
4356	265	0
4357	266	0
4358	266	0
4359	266	0
4360	266	0
4361	267	0
4362	267	0
4363	267	0
4364	267	0
4365	268	0
4366	268	0
4367	268	0
4368	268	0
4369	269	0
4370	269	0
4371	269	0
4372	269	0
4373	270	0
4374	270	0
4375	270	0
4376	270	0
4377	271	0
4378	271	0
4379	271	0
4380	271	0
4381	272	0
4382	272	0
4383	272	0
4384	272	0
4385	273	0
4386	273	0
4387	273	0
4388	273	0
4389	274	0
4390	274	0
4391	274	0
4392	274	0
4393	275	0
4394	275	0
4395	275	0
4396	275	0
4397	276	0
4398	276	0
4399	276	0
4400	276	0
4401	277	0
4402	277	0
4403	277	0
4404	277	0
4405	278	0
4406	278	0
4407	278	0
4408	278	0
4409	279	0
4410	279	0
4411	279	0
4412	279	0
4413	280	0
4414	280	0
4415	280	0
4416	280	0
4417	97	11
4418	97	0
4419	97	0
4420	97	9
4421	98	12
4422	98	3
4423	98	0
4424	98	13
4425	99	13
4426	99	12
4427	99	0
4428	99	19
4429	100	12
4430	100	5
4431	100	0
4432	100	13
4433	101	1
4434	101	3
4435	101	0
4436	101	8
4437	102	8
4438	102	10
4439	102	0
4440	102	21
4441	103	12
4442	103	4
4443	103	0
4444	103	22
4445	104	7
4446	104	0
4447	104	0
4448	104	19
4449	105	7
4450	105	0
4451	105	0
4452	105	12
4453	106	0
4454	106	0
4455	106	0
4456	106	0
4457	107	4
4458	107	2
4459	107	0
4460	107	7
4461	108	0
4462	108	0
4463	108	0
4464	108	17
4465	109	12
4466	109	0
4467	109	0
4468	109	11
4469	110	10
4470	110	6
4471	110	0
4472	110	16
4473	111	6
4474	111	0
4475	111	0
4476	111	4
4477	112	6
4478	112	4
4479	112	0
4480	112	12
4481	113	1
4482	113	25
4483	113	0
4484	113	25
4485	114	3
4486	114	2
4487	114	0
4488	114	10
4489	115	4
4490	115	0
4491	115	0
4492	115	7
4493	116	24
4494	116	5
4495	116	0
4496	116	36
4497	117	4
4498	117	0
4499	117	0
4500	117	6
4501	118	8
4502	118	2
4503	118	0
4504	118	16
4505	119	6
4506	119	3
4507	119	0
4508	119	10
4509	120	0
4510	120	0
4511	120	0
4512	120	3
4513	121	9
4514	121	22
4515	121	0
4516	121	30
4517	122	10
4518	122	3
4519	122	0
4520	122	6
4521	123	2
4522	123	11
4523	123	0
4524	123	13
4525	124	10
4526	124	22
4527	124	0
4528	124	26
4529	125	1
4530	125	0
4531	125	0
4532	125	13
4533	126	11
4534	126	8
4535	126	0
4536	126	21
4537	127	8
4538	127	6
4539	127	0
4540	127	20
4541	128	2
4542	128	1
4543	128	0
4544	128	15
4545	129	2
4546	129	4
4547	129	0
4548	129	15
4549	130	0
4550	130	0
4551	130	0
4552	130	2
4553	131	0
4554	131	0
4555	131	0
4556	131	1
4557	132	4
4558	132	15
4559	132	0
4560	132	18
4561	133	3
4562	133	1
4563	133	0
4564	133	6
4565	134	4
4566	134	2
4567	134	0
4568	134	16
4569	135	9
4570	135	9
4571	135	0
4572	135	16
4573	136	6
4574	136	3
4575	136	0
4576	136	11
4577	137	23
4578	137	6
4579	137	0
4580	137	31
4581	138	0
4582	138	0
4583	138	0
4584	138	4
4585	139	12
4586	139	5
4587	139	0
4588	139	9
4589	140	0
4590	140	0
4591	140	0
4592	140	0
4593	141	24
4594	141	2
4595	141	0
4596	141	16
4597	142	18
4598	142	13
4599	142	0
4600	142	22
4601	143	4
4602	143	6
4603	143	0
4604	143	7
4605	144	1
4606	144	1
4607	144	0
4608	144	4
4609	145	15
4610	145	27
4611	145	0
4612	145	34
4613	146	0
4614	146	0
4615	146	0
4616	146	0
4617	147	0
4618	147	0
4619	147	0
4620	147	2
4621	148	16
4622	148	7
4623	148	0
4624	148	18
4625	149	31
4626	149	24
4627	149	2
4628	149	43
4629	150	33
4630	150	37
4631	150	0
4632	150	52
4633	151	5
4634	151	4
4635	151	0
4636	151	8
4637	152	5
4638	152	7
4639	152	0
4640	152	18
4641	153	4
4642	153	0
4643	153	0
4644	153	2
4645	154	31
4646	154	19
4647	154	0
4648	154	42
4649	155	20
4650	155	5
4651	155	0
4652	155	34
4653	156	6
4654	156	7
4655	156	0
4656	156	24
4657	157	0
4658	157	0
4659	157	2
4660	157	1
4661	158	17
4662	158	8
4663	158	0
4664	158	32
4665	159	29
4666	159	1
4667	159	0
4668	159	26
4669	160	17
4670	160	14
4671	160	0
4672	160	27
4673	161	0
4674	161	0
4675	161	0
4676	161	0
4677	162	0
4678	162	0
4679	162	0
4680	162	0
4681	163	0
4682	163	0
4683	163	0
4684	163	1
4685	164	25
4686	164	13
4687	164	0
4688	164	22
4689	165	9
4690	165	0
4691	165	0
4692	165	3
4693	166	41
4694	166	0
4695	166	17
4696	166	24
4697	167	15
4698	167	6
4699	167	0
4700	167	16
4701	168	0
4702	168	0
4703	168	0
4704	168	0
4705	169	36
4706	169	14
4707	169	0
4708	169	34
4709	170	21
4710	170	7
4711	170	0
4712	170	42
4713	171	25
4714	171	0
4715	171	0
4716	171	19
4717	172	21
4718	172	14
4719	172	0
4720	172	24
4721	173	6
4722	173	0
4723	173	0
4724	173	7
4725	174	6
4726	174	0
4727	174	0
4728	174	5
4729	175	38
4730	175	11
4731	175	0
4732	175	24
4733	176	0
4734	176	0
4735	176	0
4736	176	1
4737	177	8
4738	177	0
4739	177	0
4740	177	5
4741	178	13
4742	178	2
4743	178	0
4744	178	16
4745	179	9
4746	179	3
4747	179	0
4748	179	13
4749	180	56
4750	180	0
4751	180	0
4752	180	33
4753	181	14
4754	181	4
4755	181	0
4756	181	25
4757	182	0
4758	182	0
4759	182	0
4760	182	0
4761	183	0
4762	183	0
4763	183	0
4764	183	0
4765	184	5
4766	184	3
4767	184	0
4768	184	6
4769	185	27
4770	185	0
4771	185	1
4772	185	36
4773	186	2
4774	186	0
4775	186	0
4776	186	9
4777	187	0
4778	187	0
4779	187	0
4780	187	0
4781	188	0
4782	188	0
4783	188	0
4784	188	0
4785	189	0
4786	189	0
4787	189	0
4788	189	0
4789	190	0
4790	190	0
4791	190	0
4792	190	0
4793	191	0
4794	191	0
4795	191	0
4796	191	1
4797	192	3
4798	192	0
4799	192	0
4800	192	2
4801	193	0
4802	193	0
4803	193	0
4804	193	0
4805	194	0
4806	194	0
4807	194	0
4808	194	0
4809	195	0
4810	195	0
4811	195	0
4812	195	0
4813	196	0
4814	196	0
4815	196	0
4816	196	0
4817	197	0
4818	197	0
4819	197	0
4820	197	0
4821	198	0
4822	198	0
4823	198	0
4824	198	0
4825	199	0
4826	199	0
4827	199	0
4828	199	0
4829	200	9
4830	200	0
4831	200	0
4832	200	16
4833	201	24
4834	201	2
4835	201	0
4836	201	39
4837	202	12
4838	202	23
4839	202	0
4840	202	11
4841	203	9
4842	203	0
4843	203	8
4844	203	9
4845	204	0
4846	204	0
4847	204	0
4848	204	0
4849	205	0
4850	205	0
4851	205	0
4852	205	0
4853	206	29
4854	206	15
4855	206	0
4856	206	43
4857	207	4
4858	207	0
4859	207	0
4860	207	6
4861	208	25
4862	208	0
4863	208	1
4864	208	18
4865	209	40
4866	209	2
4867	209	1
4868	209	29
4869	210	9
4870	210	0
4871	210	0
4872	210	5
4873	211	35
4874	211	0
4875	211	0
4876	211	29
4877	212	10
4878	212	20
4879	212	0
4880	212	25
4881	213	17
4882	213	0
4883	213	2
4884	213	24
4885	214	62
4886	214	11
4887	214	0
4888	214	53
4889	215	30
4890	215	12
4891	215	5
4892	215	24
4893	216	52
4894	216	55
4895	216	0
4896	216	63
4897	217	0
4898	217	0
4899	217	0
4900	217	0
4901	218	0
4902	218	0
4903	218	0
4904	218	0
4905	219	15
4906	219	0
4907	219	0
4908	219	9
4909	220	62
4910	220	72
4911	220	0
4912	220	62
4913	221	11
4914	221	0
4915	221	0
4916	221	7
4917	222	29
4918	222	31
4919	222	0
4920	222	41
4921	223	45
4922	223	92
4923	223	0
4924	223	47
4925	224	0
4926	224	0
4927	224	0
4928	224	0
4929	225	0
4930	225	0
4931	225	0
4932	225	0
4933	226	0
4934	226	0
4935	226	0
4936	226	0
4937	227	0
4938	227	0
4939	227	0
4940	227	0
4941	228	0
4942	228	0
4943	228	0
4944	228	0
4945	229	0
4946	229	0
4947	229	0
4948	229	0
4949	230	19
4950	230	4
4951	230	0
4952	230	21
4953	231	0
4954	231	0
4955	231	0
4956	231	0
4957	232	8
4958	232	0
4959	232	0
4960	232	9
4961	233	19
4962	233	29
4963	233	0
4964	233	28
4965	234	4
4966	234	5
4967	234	1
4968	234	7
4969	235	1
4970	235	9
4971	235	1
4972	235	7
4973	236	12
4974	236	0
4975	236	0
4976	236	8
4977	237	10
4978	237	0
4979	237	0
4980	237	10
4981	238	14
4982	238	0
4983	238	2
4984	238	12
4985	239	0
4986	239	0
4987	239	0
4988	239	0
4989	240	3
4990	240	0
4991	240	0
4992	240	2
4993	241	12
4994	241	0
4995	241	0
4996	241	11
4997	242	32
4998	242	20
4999	242	0
5000	242	32
5001	243	58
5002	243	3
5003	243	0
5004	243	43
5005	244	0
5006	244	0
5007	244	0
5008	244	0
5009	245	23
5010	245	0
5011	245	0
5012	245	9
5013	246	0
5014	246	0
5015	246	0
5016	246	0
5017	247	19
5018	247	9
5019	247	0
5020	247	18
5021	248	36
5022	248	16
5023	248	0
5024	248	25
5025	249	0
5026	249	0
5027	249	0
5028	249	1
5029	250	0
5030	250	0
5031	250	0
5032	250	0
5033	251	0
5034	251	0
5035	251	0
5036	251	0
5037	252	0
5038	252	0
5039	252	0
5040	252	0
5041	253	0
5042	253	0
5043	253	0
5044	253	0
5045	254	0
5046	254	0
5047	254	0
5048	254	0
5049	255	0
5050	255	13
5051	255	0
5052	255	7
5053	256	0
5054	256	0
5055	256	0
5056	256	0
5057	257	0
5058	257	0
5059	257	0
5060	257	0
5061	258	0
5062	258	0
5063	258	0
5064	258	0
5065	259	0
5066	259	0
5067	259	0
5068	259	0
5069	260	0
5070	260	0
5071	260	0
5072	260	0
5073	261	0
5074	261	0
5075	261	0
5076	261	0
5077	262	0
5078	262	0
5079	262	0
5080	262	0
5081	263	0
5082	263	0
5083	263	0
5084	263	0
5085	264	0
5086	264	0
5087	264	0
5088	264	0
5089	265	0
5090	265	0
5091	265	0
5092	265	0
5093	266	0
5094	266	0
5095	266	0
5096	266	0
5097	267	5
5098	267	2
5099	267	0
5100	267	4
5101	268	0
5102	268	0
5103	268	0
5104	268	0
5105	269	0
5106	269	0
5107	269	0
5108	269	0
5109	270	27
5110	270	0
5111	270	0
5112	270	21
5113	271	0
5114	271	0
5115	271	0
5116	271	0
5117	272	0
5118	272	0
5119	272	0
5120	272	0
5121	273	40
5122	273	5
5123	273	0
5124	273	24
5125	274	4
5126	274	0
5127	274	0
5128	274	5
5129	275	20
5130	275	0
5131	275	0
5132	275	15
5133	276	4
5134	276	0
5135	276	0
5136	276	5
5137	277	24
5138	277	0
5139	277	0
5140	277	22
5141	278	18
5142	278	4
5143	278	0
5144	278	15
5145	279	0
5146	279	0
5147	279	0
5148	279	0
5149	280	9
5150	280	0
5151	280	0
5152	280	14
5153	97	7
5154	97	6
5155	97	0
5156	97	11
5157	98	3
5158	98	0
5159	98	0
5160	98	6
5161	99	0
5162	99	0
5163	99	0
5164	99	0
5165	100	0
5166	100	0
5167	100	0
5168	100	0
5169	101	28
5170	101	1
5171	101	0
5172	101	29
5173	102	2
5174	102	0
5175	102	0
5176	102	15
5177	103	0
5178	103	0
5179	103	0
5180	103	0
5181	104	0
5182	104	0
5183	104	0
5184	104	0
5185	105	0
5186	105	0
5187	105	0
5188	105	0
5189	106	0
5190	106	0
5191	106	0
5192	106	0
5193	107	0
5194	107	0
5195	107	0
5196	107	0
5197	108	0
5198	108	0
5199	108	0
5200	108	0
5201	109	14
5202	109	2
5203	109	0
5204	109	16
5205	110	1
5206	110	0
5207	110	0
5208	110	13
5209	111	0
5210	111	0
5211	111	0
5212	111	1
5213	112	0
5214	112	0
5215	112	0
5216	112	0
5217	113	0
5218	113	0
5219	113	0
5220	113	3
5221	114	16
5222	114	6
5223	114	0
5224	114	16
5225	115	0
5226	115	0
5227	115	0
5228	115	6
5229	116	0
5230	116	0
5231	116	0
5232	116	0
5233	117	1
5234	117	0
5235	117	0
5236	117	8
5237	118	3
5238	118	0
5239	118	0
5240	118	4
5241	119	6
5242	119	3
5243	119	0
5244	119	7
5245	120	14
5246	120	0
5247	120	0
5248	120	16
5249	121	1
5250	121	0
5251	121	0
5252	121	3
5253	122	8
5254	122	21
5255	122	0
5256	122	17
5257	123	5
5258	123	2
5259	123	0
5260	123	5
5261	124	0
5262	124	0
5263	124	0
5264	124	0
5265	125	0
5266	125	0
5267	125	0
5268	125	0
5269	126	0
5270	126	0
5271	126	0
5272	126	0
5273	127	0
5274	127	0
5275	127	0
5276	127	0
5277	128	0
5278	128	0
5279	128	0
5280	128	0
5281	129	3
5282	129	3
5283	129	0
5284	129	6
5285	130	5
5286	130	3
5287	130	0
5288	130	7
5289	131	5
5290	131	2
5291	131	0
5292	131	13
5293	132	4
5294	132	0
5295	132	0
5296	132	4
5297	133	0
5298	133	4
5299	133	0
5300	133	4
5301	134	0
5302	134	0
5303	134	0
5304	134	1
5305	135	0
5306	135	0
5307	135	0
5308	135	0
5309	136	0
5310	136	0
5311	136	0
5312	136	0
5313	137	0
5314	137	8
5315	137	0
5316	137	3
5317	138	0
5318	138	0
5319	138	0
5320	138	2
5321	139	6
5322	139	3
5323	139	0
5324	139	8
5325	140	10
5326	140	6
5327	140	0
5328	140	9
5329	141	4
5330	141	2
5331	141	0
5332	141	10
5333	142	11
5334	142	7
5335	142	0
5336	142	20
5337	143	8
5338	143	0
5339	143	0
5340	143	7
5341	144	0
5342	144	0
5343	144	0
5344	144	0
5345	145	10
5346	145	9
5347	145	0
5348	145	18
5349	146	0
5350	146	0
5351	146	0
5352	146	6
5353	147	22
5354	147	3
5355	147	0
5356	147	25
5357	148	8
5358	148	0
5359	148	0
5360	148	9
5361	149	7
5362	149	3
5363	149	0
5364	149	7
5365	150	0
5366	150	0
5367	150	0
5368	150	0
5369	151	36
5370	151	25
5371	151	1
5372	151	48
5373	152	27
5374	152	0
5375	152	0
5376	152	29
5377	153	17
5378	153	0
5379	153	0
5380	153	14
5381	154	13
5382	154	0
5383	154	0
5384	154	7
5385	155	6
5386	155	0
5387	155	0
5388	155	12
5389	156	4
5390	156	0
5391	156	0
5392	156	2
5393	157	1
5394	157	0
5395	157	0
5396	157	2
5397	158	2
5398	158	2
5399	158	0
5400	158	6
5401	159	35
5402	159	6
5403	159	0
5404	159	39
5405	160	21
5406	160	15
5407	160	0
5408	160	26
5409	161	19
5410	161	0
5411	161	0
5412	161	16
5413	162	4
5414	162	3
5415	162	0
5416	162	9
5417	163	7
5418	163	7
5419	163	0
5420	163	11
5421	164	0
5422	164	0
5423	164	0
5424	164	0
5425	165	14
5426	165	20
5427	165	0
5428	165	29
5429	166	0
5430	166	11
5431	166	0
5432	166	4
5433	167	0
5434	167	0
5435	167	0
5436	167	0
5437	168	0
5438	168	8
5439	168	0
5440	168	7
5441	169	0
5442	169	0
5443	169	0
5444	169	0
5445	170	0
5446	170	0
5447	170	0
5448	170	0
5449	171	12
5450	171	23
5451	171	0
5452	171	27
5453	172	8
5454	172	8
5455	172	0
5456	172	16
5457	173	7
5458	173	4
5459	173	0
5460	173	10
5461	174	0
5462	174	0
5463	174	0
5464	174	0
5465	175	9
5466	175	2
5467	175	0
5468	175	12
5469	176	0
5470	176	0
5471	176	0
5472	176	0
5473	177	0
5474	177	0
5475	177	0
5476	177	0
5477	178	0
5478	178	0
5479	178	0
5480	178	0
5481	179	11
5482	179	2
5483	179	0
5484	179	10
5485	180	20
5486	180	10
5487	180	5
5488	180	27
5489	181	0
5490	181	0
5491	181	0
5492	181	0
5493	182	0
5494	182	0
5495	182	0
5496	182	0
5497	183	10
5498	183	7
5499	183	0
5500	183	15
5501	184	0
5502	184	0
5503	184	0
5504	184	0
5505	185	11
5506	185	0
5507	185	0
5508	185	6
5509	186	131
5510	186	44
5511	186	0
5512	186	121
5513	187	46
5514	187	74
5515	187	2
5516	187	81
5517	188	31
5518	188	0
5519	188	0
5520	188	36
5521	189	11
5522	189	1
5523	189	0
5524	189	5
5525	190	31
5526	190	20
5527	190	0
5528	190	44
5529	191	31
5530	191	6
5531	191	0
5532	191	33
5533	192	6
5534	192	0
5535	192	0
5536	192	8
5537	193	4
5538	193	9
5539	193	0
5540	193	6
5541	194	10
5542	194	3
5543	194	0
5544	194	12
5545	195	0
5546	195	0
5547	195	0
5548	195	0
5549	196	4
5550	196	9
5551	196	0
5552	196	7
5553	197	6
5554	197	0
5555	197	0
5556	197	7
5557	198	121
5558	198	33
5559	198	48
5560	198	143
5561	199	0
5562	199	0
5563	199	0
5564	199	1
5565	200	0
5566	200	0
5567	200	0
5568	200	0
5569	201	0
5570	201	0
5571	201	0
5572	201	0
5573	202	7
5574	202	0
5575	202	0
5576	202	6
5577	203	16
5578	203	0
5579	203	0
5580	203	15
5581	204	0
5582	204	0
5583	204	0
5584	204	0
5585	205	0
5586	205	0
5587	205	0
5588	205	0
5589	206	0
5590	206	0
5591	206	0
5592	206	0
5593	207	0
5594	207	0
5595	207	0
5596	207	0
5597	208	0
5598	208	0
5599	208	0
5600	208	0
5601	209	0
5602	209	0
5603	209	0
5604	209	0
5605	210	0
5606	210	0
5607	210	0
5608	210	0
5609	211	0
5610	211	0
5611	211	0
5612	211	0
5613	212	20
5614	212	0
5615	212	0
5616	212	18
5617	213	0
5618	213	0
5619	213	0
5620	213	1
5621	214	0
5622	214	0
5623	214	0
5624	214	0
5625	215	39
5626	215	70
5627	215	0
5628	215	54
5629	216	12
5630	216	0
5631	216	0
5632	216	5
5633	217	0
5634	217	0
5635	217	0
5636	217	0
5637	218	0
5638	218	0
5639	218	0
5640	218	0
5641	219	0
5642	219	0
5643	219	0
5644	219	0
5645	220	14
5646	220	111
5647	220	0
5648	220	33
5649	221	0
5650	221	0
5651	221	0
5652	221	0
5653	222	0
5654	222	0
5655	222	0
5656	222	0
5657	223	0
5658	223	0
5659	223	0
5660	223	0
5661	224	41
5662	224	80
5663	224	0
5664	224	59
5665	225	0
5666	225	0
5667	225	0
5668	225	0
5669	226	100
5670	226	22
5671	226	0
5672	226	67
5673	227	24
5674	227	0
5675	227	0
5676	227	16
5677	228	0
5678	228	0
5679	228	0
5680	228	0
5681	229	31
5682	229	1
5683	229	0
5684	229	15
5685	230	6
5686	230	0
5687	230	0
5688	230	3
5689	231	25
5690	231	0
5691	231	0
5692	231	10
5693	232	0
5694	232	0
5695	232	0
5696	232	1
5697	233	0
5698	233	0
5699	233	0
5700	233	0
5701	234	0
5702	234	0
5703	234	0
5704	234	0
5705	235	0
5706	235	0
5707	235	0
5708	235	6
5709	236	0
5710	236	0
5711	236	0
5712	236	0
5713	237	0
5714	237	0
5715	237	0
5716	237	0
5717	238	0
5718	238	0
5719	238	0
5720	238	0
5721	239	32
5722	239	0
5723	239	0
5724	239	12
5725	240	5
5726	240	0
5727	240	0
5728	240	2
5729	241	0
5730	241	0
5731	241	0
5732	241	0
5733	242	0
5734	242	0
5735	242	0
5736	242	0
5737	243	0
5738	243	0
5739	243	0
5740	243	0
5741	244	40
5742	244	10
5743	244	0
5744	244	36
5745	245	6
5746	245	0
5747	245	0
5748	245	6
5749	246	13
5750	246	0
5751	246	0
5752	246	8
5753	247	0
5754	247	0
5755	247	0
5756	247	0
5757	248	0
5758	248	0
5759	248	0
5760	248	0
5761	249	0
5762	249	0
5763	249	0
5764	249	0
5765	250	0
5766	250	0
5767	250	0
5768	250	0
5769	251	0
5770	251	0
5771	251	0
5772	251	0
5773	252	0
5774	252	0
5775	252	0
5776	252	0
5777	253	0
5778	253	0
5779	253	0
5780	253	19
5781	254	0
5782	254	0
5783	254	0
5784	254	0
5785	255	0
5786	255	0
5787	255	0
5788	255	0
5789	256	0
5790	256	0
5791	256	0
5792	256	0
5793	257	7
5794	257	8
5795	257	0
5796	257	5
5797	258	0
5798	258	0
5799	258	0
5800	258	0
5801	259	0
5802	259	0
5803	259	0
5804	259	0
5805	260	0
5806	260	0
5807	260	0
5808	260	0
5809	261	0
5810	261	0
5811	261	0
5812	261	0
5813	262	0
5814	262	0
5815	262	0
5816	262	0
5817	263	0
5818	263	0
5819	263	0
5820	263	0
5821	264	0
5822	264	0
5823	264	0
5824	264	0
5825	265	25
5826	265	114
5827	265	0
5828	265	47
5829	266	51
5830	266	82
5831	266	0
5832	266	66
5833	267	70
5834	267	38
5835	267	0
5836	267	57
5837	268	0
5838	268	0
5839	268	0
5840	268	0
5841	269	0
5842	269	0
5843	269	0
5844	269	0
5845	270	60
5846	270	0
5847	270	0
5848	270	32
5849	271	6
5850	271	0
5851	271	0
5852	271	10
5853	272	6
5854	272	0
5855	272	0
5856	272	14
5857	273	0
5858	273	0
5859	273	0
5860	273	0
5861	274	0
5862	274	0
5863	274	0
5864	274	0
5865	275	6
5866	275	0
5867	275	0
5868	275	2
5869	276	24
5870	276	1
5871	276	0
5872	276	17
5873	277	0
5874	277	0
5875	277	0
5876	277	0
5877	278	0
5878	278	0
5879	278	0
5880	278	0
5881	279	0
5882	279	0
5883	279	0
5884	279	0
5885	280	0
5886	280	0
5887	280	0
5888	280	0
5889	97	7
5890	97	0
5891	97	0
5892	97	10
5893	98	11
5894	98	0
5895	98	0
5896	98	19
5897	99	0
5898	99	0
5899	99	0
5900	99	5
5901	100	31
5902	100	3
5903	100	0
5904	100	25
5905	101	2
5906	101	0
5907	101	0
5908	101	5
5909	102	10
5910	102	0
5911	102	0
5912	102	16
5913	103	19
5914	103	0
5915	103	0
5916	103	22
5917	104	13
5918	104	2
5919	104	0
5920	104	18
5921	105	8
5922	105	0
5923	105	0
5924	105	13
5925	106	0
5926	106	0
5927	106	0
5928	106	0
5929	107	3
5930	107	0
5931	107	0
5932	107	6
5933	108	0
5934	108	0
5935	108	0
5936	108	2
5937	109	25
5938	109	5
5939	109	0
5940	109	21
5941	110	44
5942	110	14
5943	110	0
5944	110	43
5945	111	13
5946	111	3
5947	111	0
5948	111	13
5949	112	7
5950	112	4
5951	112	0
5952	112	17
5953	113	10
5954	113	1
5955	113	0
5956	113	10
5957	114	13
5958	114	0
5959	114	0
5960	114	15
5961	115	23
5962	115	0
5963	115	0
5964	115	30
5965	116	43
5966	116	0
5967	116	0
5968	116	39
5969	117	4
5970	117	0
5971	117	0
5972	117	5
5973	118	16
5974	118	10
5975	118	0
5976	118	19
5977	119	5
5978	119	1
5979	119	0
5980	119	12
5981	120	4
5982	120	0
5983	120	0
5984	120	5
5985	121	30
5986	121	3
5987	121	0
5988	121	20
5989	122	16
5990	122	0
5991	122	0
5992	122	11
5993	123	11
5994	123	8
5995	123	0
5996	123	15
5997	124	20
5998	124	3
5999	124	0
6000	124	26
6001	125	11
6002	125	0
6003	125	0
6004	125	11
6005	126	19
6006	126	3
6007	126	0
6008	126	26
6009	127	15
6010	127	0
6011	127	0
6012	127	30
6013	128	19
6014	128	11
6015	128	0
6016	128	27
6017	129	12
6018	129	0
6019	129	0
6020	129	14
6021	130	0
6022	130	0
6023	130	0
6024	130	2
6025	131	0
6026	131	0
6027	131	0
6028	131	1
6029	132	20
6030	132	2
6031	132	0
6032	132	21
6033	133	21
6034	133	20
6035	133	0
6036	133	27
6037	134	14
6038	134	1
6039	134	0
6040	134	15
6041	135	4
6042	135	0
6043	135	0
6044	135	14
6045	136	9
6046	136	4
6047	136	0
6048	136	16
6049	137	29
6050	137	17
6051	137	0
6052	137	37
6053	138	0
6054	138	0
6055	138	0
6056	138	3
6057	139	75
6058	139	0
6059	139	0
6060	139	36
6061	140	37
6062	140	25
6063	140	0
6064	140	35
6065	141	16
6066	141	1
6067	141	0
6068	141	13
6069	142	22
6070	142	1
6071	142	0
6072	142	23
6073	143	0
6074	143	0
6075	143	0
6076	143	0
6077	144	4
6078	144	0
6079	144	0
6080	144	5
6081	145	13
6082	145	0
6083	145	0
6084	145	18
6085	146	1
6086	146	6
6087	146	0
6088	146	4
6089	147	20
6090	147	22
6091	147	0
6092	147	33
6093	148	9
6094	148	0
6095	148	0
6096	148	9
6097	149	36
6098	149	2
6099	149	0
6100	149	35
6101	150	54
6102	150	5
6103	150	0
6104	150	57
6105	151	25
6106	151	2
6107	151	0
6108	151	25
6109	152	28
6110	152	0
6111	152	0
6112	152	30
6113	153	1
6114	153	0
6115	153	0
6116	153	2
6117	154	6
6118	154	0
6119	154	0
6120	154	4
6121	155	33
6122	155	0
6123	155	1
6124	155	28
6125	156	7
6126	156	0
6127	156	0
6128	156	12
6129	157	0
6130	157	0
6131	157	0
6132	157	0
6133	158	17
6134	158	1
6135	158	0
6136	158	22
6137	159	15
6138	159	0
6139	159	0
6140	159	22
6141	160	35
6142	160	6
6143	160	0
6144	160	41
6145	161	0
6146	161	0
6147	161	0
6148	161	0
6149	162	0
6150	162	0
6151	162	0
6152	162	0
6153	163	1
6154	163	0
6155	163	0
6156	163	1
6157	164	27
6158	164	1
6159	164	0
6160	164	17
6161	165	45
6162	165	3
6163	165	0
6164	165	26
6165	166	56
6166	166	18
6167	166	2
6168	166	63
6169	167	16
6170	167	2
6171	167	0
6172	167	20
6173	168	0
6174	168	0
6175	168	0
6176	168	0
6177	169	0
6178	169	0
6179	169	0
6180	169	0
6181	170	0
6182	170	0
6183	170	0
6184	170	0
6185	171	0
6186	171	0
6187	171	0
6188	171	0
6189	172	20
6190	172	0
6191	172	0
6192	172	15
6193	173	34
6194	173	0
6195	173	0
6196	173	47
6197	174	9
6198	174	0
6199	174	0
6200	174	6
6201	175	18
6202	175	2
6203	175	0
6204	175	30
6205	176	13
6206	176	0
6207	176	0
6208	176	10
6209	177	0
6210	177	0
6211	177	0
6212	177	0
6213	178	15
6214	178	0
6215	178	0
6216	178	20
6217	179	6
6218	179	0
6219	179	0
6220	179	8
6221	180	0
6222	180	0
6223	180	0
6224	180	0
6225	181	26
6226	181	10
6227	181	0
6228	181	22
6229	182	0
6230	182	0
6231	182	0
6232	182	0
6233	183	0
6234	183	0
6235	183	0
6236	183	0
6237	184	0
6238	184	0
6239	184	0
6240	184	0
6241	185	0
6242	185	0
6243	185	0
6244	185	0
6245	186	0
6246	186	0
6247	186	0
6248	186	0
6249	187	0
6250	187	0
6251	187	0
6252	187	0
6253	188	0
6254	188	0
6255	188	0
6256	188	0
6257	189	0
6258	189	0
6259	189	0
6260	189	0
6261	190	0
6262	190	0
6263	190	0
6264	190	0
6265	191	0
6266	191	0
6267	191	0
6268	191	0
6269	192	4
6270	192	0
6271	192	0
6272	192	3
6273	193	55
6274	193	0
6275	193	0
6276	193	46
6277	194	0
6278	194	0
6279	194	0
6280	194	0
6281	195	21
6282	195	4
6283	195	0
6284	195	25
6285	196	0
6286	196	0
6287	196	0
6288	196	0
6289	197	0
6290	197	0
6291	197	0
6292	197	0
6293	198	0
6294	198	0
6295	198	0
6296	198	0
6297	199	8
6298	199	0
6299	199	0
6300	199	13
6301	200	7
6302	200	5
6303	200	1
6304	200	16
6305	201	3
6306	201	0
6307	201	0
6308	201	5
6309	202	17
6310	202	0
6311	202	0
6312	202	17
6313	203	0
6314	203	0
6315	203	0
6316	203	2
6317	204	0
6318	204	0
6319	204	0
6320	204	0
6321	205	0
6322	205	0
6323	205	0
6324	205	0
6325	206	0
6326	206	0
6327	206	0
6328	206	0
6329	207	15
6330	207	0
6331	207	0
6332	207	9
6333	208	18
6334	208	0
6335	208	0
6336	208	22
6337	209	24
6338	209	0
6339	209	0
6340	209	18
6341	210	0
6342	210	0
6343	210	0
6344	210	0
6345	211	30
6346	211	2
6347	211	1
6348	211	24
6349	212	52
6350	212	28
6351	212	0
6352	212	47
6353	213	35
6354	213	0
6355	213	0
6356	213	42
6357	214	19
6358	214	0
6359	214	0
6360	214	18
6361	215	4
6362	215	0
6363	215	0
6364	215	5
6365	216	19
6366	216	1
6367	216	0
6368	216	22
6369	217	0
6370	217	0
6371	217	0
6372	217	0
6373	218	0
6374	218	0
6375	218	0
6376	218	0
6377	219	0
6378	219	0
6379	219	0
6380	219	0
6381	220	16
6382	220	0
6383	220	0
6384	220	14
6385	221	16
6386	221	5
6387	221	0
6388	221	15
6389	222	37
6390	222	14
6391	222	0
6392	222	24
6393	223	23
6394	223	0
6395	223	0
6396	223	15
6397	224	22
6398	224	0
6399	224	0
6400	224	6
6401	225	19
6402	225	6
6403	225	0
6404	225	20
6405	226	61
6406	226	4
6407	226	0
6408	226	39
6409	227	19
6410	227	0
6411	227	0
6412	227	27
6413	228	26
6414	228	0
6415	228	0
6416	228	38
6417	229	14
6418	229	0
6419	229	0
6420	229	15
6421	230	35
6422	230	0
6423	230	2
6424	230	18
6425	231	11
6426	231	0
6427	231	0
6428	231	9
6429	232	22
6430	232	0
6431	232	0
6432	232	22
6433	233	4
6434	233	9
6435	233	0
6436	233	13
6437	234	28
6438	234	5
6439	234	0
6440	234	21
6441	235	21
6442	235	2
6443	235	0
6444	235	16
6445	236	0
6446	236	0
6447	236	0
6448	236	0
6449	237	0
6450	237	0
6451	237	0
6452	237	0
6453	238	0
6454	238	0
6455	238	0
6456	238	0
6457	239	0
6458	239	0
6459	239	0
6460	239	0
6461	240	8
6462	240	5
6463	240	0
6464	240	5
6465	241	13
6466	241	0
6467	241	0
6468	241	16
6469	242	27
6470	242	2
6471	242	0
6472	242	22
6473	243	41
6474	243	3
6475	243	0
6476	243	38
6477	244	0
6478	244	0
6479	244	0
6480	244	0
6481	245	15
6482	245	0
6483	245	0
6484	245	12
6485	246	0
6486	246	0
6487	246	0
6488	246	0
6489	247	0
6490	247	0
6491	247	0
6492	247	0
6493	248	0
6494	248	0
6495	248	0
6496	248	0
6497	249	0
6498	249	0
6499	249	0
6500	249	0
6501	250	0
6502	250	0
6503	250	0
6504	250	0
6505	251	0
6506	251	0
6507	251	0
6508	251	0
6509	252	0
6510	252	0
6511	252	0
6512	252	0
6513	253	0
6514	253	0
6515	253	0
6516	253	0
6517	254	0
6518	254	0
6519	254	0
6520	254	0
6521	255	0
6522	255	0
6523	255	0
6524	255	0
6525	256	0
6526	256	0
6527	256	0
6528	256	0
6529	257	18
6530	257	7
6531	257	0
6532	257	16
6533	258	0
6534	258	0
6535	258	0
6536	258	0
6537	259	0
6538	259	0
6539	259	0
6540	259	0
6541	260	0
6542	260	0
6543	260	0
6544	260	0
6545	261	17
6546	261	2
6547	261	0
6548	261	6
6549	262	0
6550	262	0
6551	262	0
6552	262	0
6553	263	0
6554	263	0
6555	263	0
6556	263	0
6557	264	0
6558	264	0
6559	264	0
6560	264	0
6561	265	0
6562	265	0
6563	265	0
6564	265	0
6565	266	0
6566	266	0
6567	266	0
6568	266	0
6569	267	0
6570	267	0
6571	267	0
6572	267	0
6573	268	50
6574	268	0
6575	268	0
6576	268	25
6577	269	0
6578	269	0
6579	269	0
6580	269	0
6581	270	0
6582	270	0
6583	270	0
6584	270	0
6585	271	40
6586	271	0
6587	271	0
6588	271	29
6589	272	15
6590	272	18
6591	272	0
6592	272	27
6593	273	13
6594	273	3
6595	273	0
6596	273	15
6597	274	7
6598	274	0
6599	274	0
6600	274	5
6601	275	27
6602	275	3
6603	275	0
6604	275	13
6605	276	0
6606	276	0
6607	276	0
6608	276	0
6609	277	0
6610	277	0
6611	277	0
6612	277	0
6613	278	7
6614	278	0
6615	278	0
6616	278	9
6617	279	27
6618	279	0
6619	279	0
6620	279	19
6621	280	20
6622	280	0
6623	280	0
6624	280	17
6625	97	0
6626	97	0
6627	97	0
6628	97	0
6629	98	13
6630	98	0
6631	98	0
6632	98	12
6633	99	0
6634	99	0
6635	99	0
6636	99	0
6637	100	0
6638	100	0
6639	100	0
6640	100	0
6641	101	11
6642	101	8
6643	101	0
6644	101	19
6645	102	0
6646	102	0
6647	102	0
6648	102	0
6649	103	0
6650	103	0
6651	103	0
6652	103	0
6653	104	0
6654	104	0
6655	104	0
6656	104	0
6657	105	0
6658	105	0
6659	105	0
6660	105	0
6661	106	0
6662	106	0
6663	106	0
6664	106	0
6665	107	12
6666	107	2
6667	107	0
6668	107	11
6669	108	3
6670	108	0
6671	108	0
6672	108	5
6673	109	1
6674	109	1
6675	109	0
6676	109	1
6677	110	5
6678	110	0
6679	110	0
6680	110	6
6681	111	3
6682	111	3
6683	111	0
6684	111	12
6685	112	0
6686	112	0
6687	112	0
6688	112	0
6689	113	0
6690	113	0
6691	113	0
6692	113	0
6693	114	5
6694	114	6
6695	114	0
6696	114	7
6697	115	0
6698	115	0
6699	115	0
6700	115	0
6701	116	0
6702	116	0
6703	116	0
6704	116	0
6705	117	0
6706	117	0
6707	117	0
6708	117	0
6709	118	7
6710	118	0
6711	118	0
6712	118	11
6713	119	0
6714	119	0
6715	119	0
6716	119	0
6717	120	9
6718	120	7
6719	120	0
6720	120	14
6721	121	0
6722	121	0
6723	121	0
6724	121	5
6725	122	7
6726	122	7
6727	122	0
6728	122	6
6729	123	4
6730	123	4
6731	123	0
6732	123	4
6733	124	0
6734	124	0
6735	124	0
6736	124	0
6737	125	0
6738	125	0
6739	125	0
6740	125	0
6741	126	0
6742	126	0
6743	126	0
6744	126	0
6745	127	0
6746	127	0
6747	127	0
6748	127	0
6749	128	0
6750	128	0
6751	128	0
6752	128	0
6753	129	4
6754	129	1
6755	129	0
6756	129	9
6757	130	0
6758	130	0
6759	130	0
6760	130	3
6761	131	11
6762	131	1
6763	131	0
6764	131	16
6765	132	0
6766	132	0
6767	132	0
6768	132	0
6769	133	0
6770	133	0
6771	133	0
6772	133	0
6773	134	0
6774	134	0
6775	134	0
6776	134	1
6777	135	0
6778	135	0
6779	135	0
6780	135	0
6781	136	0
6782	136	0
6783	136	0
6784	136	0
6785	137	0
6786	137	0
6787	137	10
6788	137	4
6789	138	0
6790	138	0
6791	138	0
6792	138	1
6793	139	0
6794	139	0
6795	139	0
6796	139	0
6797	140	4
6798	140	0
6799	140	0
6800	140	2
6801	141	17
6802	141	3
6803	141	0
6804	141	16
6805	142	19
6806	142	0
6807	142	0
6808	142	16
6809	143	8
6810	143	0
6811	143	0
6812	143	5
6813	144	0
6814	144	0
6815	144	0
6816	144	0
6817	145	5
6818	145	0
6819	145	0
6820	145	5
6821	146	0
6822	146	0
6823	146	0
6824	146	0
6825	147	3
6826	147	0
6827	147	0
6828	147	5
6829	148	0
6830	148	0
6831	148	0
6832	148	0
6833	149	10
6834	149	0
6835	149	0
6836	149	7
6837	150	0
6838	150	0
6839	150	0
6840	150	0
6841	151	0
6842	151	0
6843	151	0
6844	151	0
6845	152	0
6846	152	0
6847	152	0
6848	152	0
6849	153	25
6850	153	0
6851	153	0
6852	153	32
6853	154	0
6854	154	0
6855	154	0
6856	154	0
6857	155	0
6858	155	0
6859	155	0
6860	155	0
6861	156	0
6862	156	0
6863	156	0
6864	156	0
6865	157	17
6866	157	1
6867	157	0
6868	157	19
6869	158	11
6870	158	1
6871	158	0
6872	158	18
6873	159	20
6874	159	3
6875	159	0
6876	159	16
6877	160	0
6878	160	0
6879	160	0
6880	160	4
6881	161	4
6882	161	2
6883	161	0
6884	161	6
6885	162	38
6886	162	33
6887	162	153
6888	162	85
6889	163	36
6890	163	4
6891	163	37
6892	163	33
6893	164	0
6894	164	0
6895	164	0
6896	164	0
6897	165	0
6898	165	0
6899	165	0
6900	165	0
6901	166	0
6902	166	0
6903	166	0
6904	166	0
6905	167	0
6906	167	0
6907	167	0
6908	167	0
6909	168	15
6910	168	0
6911	168	0
6912	168	7
6913	169	0
6914	169	0
6915	169	0
6916	169	0
6917	170	0
6918	170	0
6919	170	0
6920	170	0
6921	171	0
6922	171	0
6923	171	0
6924	171	0
6925	172	30
6926	172	1
6927	172	25
6928	172	24
6929	173	2
6930	173	0
6931	173	55
6932	173	5
6933	174	0
6934	174	0
6935	174	0
6936	174	0
6937	175	3
6938	175	0
6939	175	0
6940	175	6
6941	176	0
6942	176	0
6943	176	0
6944	176	0
6945	177	0
6946	177	0
6947	177	0
6948	177	0
6949	178	0
6950	178	0
6951	178	0
6952	178	0
6953	179	10
6954	179	0
6955	179	0
6956	179	8
6957	180	13
6958	180	0
6959	180	0
6960	180	12
6961	181	0
6962	181	0
6963	181	0
6964	181	0
6965	182	0
6966	182	0
6967	182	0
6968	182	0
6969	183	51
6970	183	5
6971	183	7
6972	183	32
6973	184	0
6974	184	0
6975	184	0
6976	184	0
6977	185	0
6978	185	0
6979	185	0
6980	185	0
6981	186	0
6982	186	0
6983	186	0
6984	186	0
6985	187	0
6986	187	0
6987	187	0
6988	187	0
6989	188	0
6990	188	0
6991	188	0
6992	188	1
6993	189	0
6994	189	0
6995	189	0
6996	189	0
6997	190	0
6998	190	0
6999	190	0
7000	190	0
7001	191	0
7002	191	0
7003	191	0
7004	191	0
7005	192	1
7006	192	0
7007	192	0
7008	192	3
7009	193	0
7010	193	9
7011	193	0
7012	193	6
7013	194	17
7014	194	12
7015	194	0
7016	194	17
7017	195	0
7018	195	0
7019	195	0
7020	195	0
7021	196	22
7022	196	5
7023	196	0
7024	196	19
7025	197	0
7026	197	0
7027	197	0
7028	197	0
7029	198	0
7030	198	0
7031	198	0
7032	198	0
7033	199	0
7034	199	0
7035	199	0
7036	199	1
7037	200	0
7038	200	0
7039	200	0
7040	200	0
7041	201	10
7042	201	0
7043	201	0
7044	201	6
7045	202	3
7046	202	0
7047	202	0
7048	202	2
7049	203	6
7050	203	1
7051	203	0
7052	203	12
7053	204	0
7054	204	0
7055	204	0
7056	204	0
7057	205	63
7058	205	0
7059	205	0
7060	205	78
7061	206	0
7062	206	0
7063	206	0
7064	206	0
7065	207	11
7066	207	0
7067	207	0
7068	207	6
7069	208	0
7070	208	0
7071	208	0
7072	208	0
7073	209	0
7074	209	0
7075	209	0
7076	209	0
7077	210	9
7078	210	0
7079	210	0
7080	210	7
7081	211	12
7082	211	1
7083	211	0
7084	211	15
7085	212	0
7086	212	0
7087	212	0
7088	212	0
7089	213	0
7090	213	0
7091	213	0
7092	213	0
7093	214	21
7094	214	0
7095	214	0
7096	214	33
7097	215	20
7098	215	2
7099	215	0
7100	215	14
7101	216	0
7102	216	0
7103	216	0
7104	216	3
7105	217	0
7106	217	0
7107	217	0
7108	217	0
7109	218	0
7110	218	0
7111	218	0
7112	218	0
7113	219	0
7114	219	0
7115	219	0
7116	219	0
7117	220	0
7118	220	0
7119	220	0
7120	220	0
7121	221	0
7122	221	0
7123	221	0
7124	221	0
7125	222	0
7126	222	0
7127	222	0
7128	222	0
7129	223	0
7130	223	0
7131	223	0
7132	223	0
7133	224	0
7134	224	0
7135	224	0
7136	224	5
7137	225	0
7138	225	0
7139	225	0
7140	225	0
7141	226	0
7142	226	0
7143	226	0
7144	226	0
7145	227	0
7146	227	0
7147	227	0
7148	227	0
7149	228	50
7150	228	0
7151	228	0
7152	228	44
7153	229	0
7154	229	0
7155	229	0
7156	229	0
7157	230	9
7158	230	0
7159	230	0
7160	230	7
7161	231	0
7162	231	0
7163	231	0
7164	231	0
7165	232	0
7166	232	0
7167	232	0
7168	232	0
7169	233	0
7170	233	0
7171	233	0
7172	233	0
7173	234	0
7174	234	0
7175	234	0
7176	234	0
7177	235	17
7178	235	0
7179	235	0
7180	235	8
7181	236	37
7182	236	0
7183	236	0
7184	236	24
7185	237	72
7186	237	27
7187	237	0
7188	237	45
7189	238	53
7190	238	0
7191	238	0
7192	238	30
7193	239	23
7194	239	7
7195	239	0
7196	239	10
7197	240	3
7198	240	0
7199	240	0
7200	240	2
7201	241	0
7202	241	0
7203	241	0
7204	241	0
7205	242	0
7206	242	0
7207	242	0
7208	242	0
7209	243	0
7210	243	0
7211	243	0
7212	243	0
7213	244	0
7214	244	0
7215	244	0
7216	244	0
7217	245	51
7218	245	0
7219	245	2
7220	245	24
7221	246	23
7222	246	0
7223	246	0
7224	246	12
7225	247	0
7226	247	0
7227	247	0
7228	247	0
7229	248	0
7230	248	0
7231	248	0
7232	248	0
7233	249	0
7234	249	0
7235	249	0
7236	249	0
7237	250	0
7238	250	0
7239	250	0
7240	250	0
7241	251	65
7242	251	0
7243	251	48
7244	251	63
7245	252	45
7246	252	0
7247	252	0
7248	252	37
7249	253	0
7250	253	0
7251	253	0
7252	253	1
7253	254	0
7254	254	0
7255	254	0
7256	254	0
7257	255	0
7258	255	0
7259	255	0
7260	255	0
7261	256	0
7262	256	0
7263	256	0
7264	256	0
7265	257	40
7266	257	11
7267	257	0
7268	257	22
7269	258	42
7270	258	5
7271	258	8
7272	258	51
7273	259	0
7274	259	0
7275	259	0
7276	259	0
7277	260	0
7278	260	0
7279	260	0
7280	260	0
7281	261	15
7282	261	4
7283	261	0
7284	261	10
7285	262	0
7286	262	0
7287	262	0
7288	262	0
7289	263	0
7290	263	0
7291	263	0
7292	263	0
7293	264	0
7294	264	0
7295	264	0
7296	264	0
7297	265	0
7298	265	0
7299	265	0
7300	265	0
7301	266	0
7302	266	0
7303	266	0
7304	266	0
7305	267	0
7306	267	0
7307	267	0
7308	267	0
7309	268	68
7310	268	0
7311	268	0
7312	268	37
7313	269	0
7314	269	0
7315	269	0
7316	269	0
7317	270	0
7318	270	0
7319	270	0
7320	270	0
7321	271	31
7322	271	5
7323	271	0
7324	271	11
7325	272	0
7326	272	0
7327	272	0
7328	272	0
7329	273	0
7330	273	0
7331	273	0
7332	273	0
7333	274	0
7334	274	0
7335	274	0
7336	274	0
7337	275	5
7338	275	0
7339	275	0
7340	275	2
7341	276	9
7342	276	0
7343	276	0
7344	276	14
7345	277	0
7346	277	0
7347	277	0
7348	277	0
7349	278	0
7350	278	0
7351	278	0
7352	278	0
7353	279	0
7354	279	0
7355	279	0
7356	279	0
7357	280	0
7358	280	0
7359	280	0
7360	280	0
7361	77	0
7362	77	0
7363	77	0
7364	77	0
7365	92	0.001
7366	92	0.001
7367	92	0.001
7368	92	0.001
7369	285	0.001
7370	285	0.001
7371	285	0.001
7372	285	0.001
7373	300	0
7374	300	0
7375	300	0
7376	300	0
7377	77	0
7378	77	0
7379	77	0
7380	77	0
7381	92	0.001
7382	92	0.001
7383	92	0.001
7384	92	0.001
7385	285	0.001
7386	285	0.001
7387	285	0.001
7388	285	0.001
7389	300	0
7390	300	0
7391	300	0
7392	300	0
7393	77	0
7394	77	0
7395	77	0
7396	77	0
7397	92	0.001
7398	92	0.001
7399	92	0.001
7400	92	0.001
7401	285	0.001
7402	285	0.001
7403	285	0.001
7404	285	0.001
7405	300	0
7406	300	0
7407	300	0
7408	300	0
7409	77	0
7410	77	0
7411	77	0
7412	77	0
7413	92	0.001
7414	92	0.001
7415	92	0.001
7416	92	0.001
7417	285	0.001
7418	285	0.001
7419	285	0.001
7420	285	0.001
7421	300	0
7422	300	0
7423	300	0
7424	300	0
7425	77	0
7426	77	0
7427	77	0
7428	77	0
7429	92	0.001
7430	92	0.001
7431	92	0.001
7432	92	0.001
7433	285	0.001
7434	285	0.001
7435	285	0.001
7436	285	0.001
7437	300	0
7438	300	0
7439	300	0
7440	300	0
7441	77	0
7442	77	0
7443	77	0
7444	77	0
7445	92	0.001
7446	92	0.001
7447	92	0.001
7448	92	0.001
7449	285	0.001
7450	285	0.001
7451	285	0.001
7452	285	0.001
7453	300	0
7454	300	0
7455	300	0
7456	300	0
7457	77	0
7458	77	0
7459	77	0
7460	77	0
7461	92	0.001
7462	92	0.001
7463	92	0.001
7464	92	0.001
7465	285	0.001
7466	285	0.001
7467	285	0.001
7468	285	0.001
7469	300	0
7470	300	0
7471	300	0
7472	300	0
7473	77	0
7474	77	0
7475	77	0
7476	77	0
7477	92	0.001
7478	92	0.001
7479	92	0.001
7480	92	0.001
7481	285	0.001
7482	285	0.001
7483	285	0.001
7484	285	0.001
7485	300	0
7486	300	0
7487	300	0
7488	300	0
7489	77	0
7490	77	0
7491	77	0
7492	77	0
7493	92	0.001
7494	92	0.001
7495	92	0.001
7496	92	0.001
7497	285	0.001
7498	285	0.001
7499	285	0.001
7500	285	0.001
7501	300	0
7502	300	0
7503	300	0
7504	300	0
7505	77	0
7506	77	0
7507	77	0
7508	77	0
7509	92	0.001
7510	92	0.001
7511	92	0.001
7512	92	0.001
7513	285	0.001
7514	285	0.001
7515	285	0.001
7516	285	0.001
7517	300	0
7518	300	0
7519	300	0
7520	300	0
