	KRAS	HRAS	BRAF	RAF1	MAP3K1	MAP3K2	MAP3K3	MAP3K4	MAP3K5	MAP2K1	MAP2K2	MAP2K3	MAP2K4	MAP2K5	MAPK1	MAPK3	MAPK4	MAPK6	MAPK7	MAPK8	MAPK9	MAPK12	MAPK14	DAB2	RASSF1	RAB25
TCGA-18-3406-01	-0.61375	-0.042833333	0.22325	-0.543	1.8155	1.5795	-1.085	0.315	2.06475	-0.6215	-0.088	-0.04175	-0.019	-1.4925	0.047625	-0.578833333	-2.77875	0.467166667	-0.5845	0.1875	0.374	-0.603666667	0.9445	-0.838	-0.554333333	2.189166667
TCGA-18-3407-01	-0.183583333	1.242166667	-0.01325	0.05825	1.1145	1.5195	-1.079833333	0.10075	2.48875	-0.39725	1.4525	0.56075	0.134875	-0.6935	-0.30525	-0.378333333	-3.63725	0.815666667	-0.554166667	0.27	-0.08	-0.8545	0.5545	0.057375	-0.757166667	2.075166667
TCGA-18-3408-01	1.118916667	0.068666667	0.21225	-0.76575	0.4625	1.3702	-1.589666667	0.0225	1.9595	-0.507125	-0.097	0.521333333	0.734625	-0.702833333	0.647875	-0.300333333	-3.11025	0.1075	-0.216166667	-0.3265	-0.15925	1.245666667	0.121083333	-0.461375	-0.693083333	2.4145
TCGA-18-3409-01	0.424416667	-0.319	-0.01625	0.14375	1.0915	1.6242	-1.4735	-0.04025	0.92525	-0.196625	-0.677833333	0.40525	0.969125	-0.586666667	-0.0515	-0.597166667	-1.5	0.371666667	-0.303666667	0	-0.326	-1.280166667	-0.01575	0.87575	-0.461833333	1.1555
TCGA-18-3410-01	0.425	0.478	0.81375	-0.2245	-0.5905	1.1962	-1.719833333	0.25825	1.97975	0.003	0.581333333	-0.467666667	-0.234	-0.243833333	-0.087875	-1.2905	-1.96975	0.778666667	-0.441166667	1.058	-0.94375	-1.335	-0.001416667	-0.723125	-0.346916667	2.007
TCGA-18-3411-01	0.006916667	0.544666667	1.431	-0.86125	0.379	0.7195	-1.811833333	-1.06275	1.115	-0.563625	-0.305833333	0.691583333	-0.221375	-0.831	0.623875	-0.883833333	-3.471	0.317	-0.031	-0.3755	-1.2665	0.701833333	0.5825	0.665625	-0.780666667	2.169333333
TCGA-18-3412-01	0.305583333	0.351333333	1.15375	-0.64125	0.1325	0.86	-1.491833333	-0.44375	0.962	-0.4995	-0.116333333	0.217583333	0.062625	-1.114166667	0.342	-0.231666667	-3.39725	0.555166667	-0.694833333	-0.2535	0.0925	0.522333333	0.468916667	-0.547125	-0.718916667	2.548166667
TCGA-18-3414-01	0.25725	-0.192333333	1.28675	0.1405	-0.284	1.0057	-1.249666667	-0.20225	2.4885	0.024	-0.444833333	-0.088083333	-0.109125	-0.757666667	0.307875	-0.668833333	-2.92975	0.495833333	-0.7745	0.1235	-0.397	-0.428833333	-0.293166667	0.245625	-0.43575	2.75
TCGA-18-3415-01	-0.06925	0.870833333	1.159	-0.489	0.861	1.4094	-1.571833333	-0.65075	1.024	-0.3505	0.112	0.088083333	0.1725	-0.951833333	0.757375	-0.3515	-3.032	1.551	-0.541333333	-0.1225	0.14775	0.632833333	0.649666667	-0.195375	-0.143833333	2.637166667
TCGA-18-3416-01	-0.529916667	-0.285166667	0.55925	-0.414	-0.8615	1.2277	-1.078333333	0.585	3.006	-0.423375	-1.436666667	0.291166667	0.877125	-1.3885	0.235125	-1.753	-4.82725	-0.028833333	-0.890166667	-0.962	1.01275	-1.889333333	-0.414166667	0.61525	-0.53325	1.0245
TCGA-18-3417-01	-0.585833333	0.175166667	0.74575	-1.06225	-2.654	0.4024	-1.184833333	0.10275	1.906	-0.200125	-0.500166667	0.575583333	-0.210875	-2.5815	-0.271625	-0.460333333	-2.43075	-0.168166667	-0.275833333	0.478	-0.19725	-0.416833333	-0.308583333	1.549375	-0.69575	2.327333333
TCGA-18-3419-01	0.404583333	0.2385	1.0705	0.246	0.877	1.709	-0.748833333	-0.55125	1.138	0.403625	-0.016833333	-0.022583333	0.0385	-0.060333333	0.767375	-0.293833333	-3.97275	1.309666667	-1.178	0.4055	0.279	0.185666667	0.69975	-0.7775	-0.19125	2.1005
TCGA-18-3421-01	-0.471166667	0.811666667	0.408	-0.82575	0.1175	0.6155	-1.466	-0.1055	0.84725	-0.199875	-0.073666667	-0.274	-0.380625	-0.246833333	-0.129	-0.583166667	-2.63275	1.248333333	-0.840666667	-0.499	-0.3735	0.238666667	-0.383583333	-0.396875	-0.418333333	2.662166667
TCGA-18-4083-01	0.740333333	0.8795	0.85725	-0.17225	-0.222	0.478	-0.772666667	-0.45575	1.35775	-0.224875	-0.329833333	0.10225	0.159875	-0.686166667	-1.01025	-1.091833333	0.854	-0.531166667	-0.108333333	0.0005	-1.692	-1.323166667	-0.636083333	-0.445875	-0.704083333	1.1285
TCGA-18-4086-01	0.83575	1.017833333	-0.36875	-0.683	-0.104	0.3394	-1.009833333	-0.42625	1.73075	0.016375	-0.194	-0.542166667	0.822625	-1.513833333	-0.26125	-0.950166667	-3.04025	0.263833333	-0.700833333	-0.0095	-0.69425	-0.143166667	-0.091	-0.319	-0.873166667	1.7195
TCGA-18-4721-01																										
TCGA-18-5592-01																										
TCGA-18-5595-01																										
TCGA-21-1070-01	0.4255	0.321	-0.16625	-0.409	0.1735	0.7018	-0.725666667	0.65125	2.55825	-0.511	-0.254333333	0.578333333	0.14875	-1.343833333	0.38575	-0.4865	-2.95925	-0.015	-0.155333333	0.2785	-0.626	-1.061666667	-0.0675	0.061875	-0.523166667	2.400333333
TCGA-21-1071-01	0.684083333	0.428166667	0.09675	-0.26175	0.885	1.3748	-0.4755	0.81	2.12275	-0.117	0.065166667	-0.018333333	0.221625	-0.790666667	-0.4215	-0.713	-3.5445	0.717	-0.224833333	0.0285	0.78575	-0.035	-0.14	0.267	-0.668916667	1.811166667
TCGA-21-1076-01	-0.527416667	-0.399666667	1.5315	-0.11325	-0.105	1.1541	0.141	0.48675	2.82675	-0.27375	-0.133333333	0.382166667	0.18325	-1.118	0.319625	-1.037666667	-2.99075	0.008333333	-0.140833333	-0.6365	-0.42575	-1.3805	-0.32325	1.657	-0.560416667	2.0535
TCGA-21-1077-01	-0.191	0.5225	1.0845	-0.503	-0.596	0.4274	-0.6545	0.0055	1.68675	0.301875	-0.330333333	0.229416667	0.165375	0.014	1.12225	-1.1	-1.5615	0.593333333	-0.440166667	-0.3525	0.43325	1.272	0.29775	0.264625	-0.967666667	2.576833333
TCGA-21-1078-01	-0.266833333	0.7065	0.38075	-0.1005	-0.9905	0.7909	-1.2185	0.078	3.68425	-0.55625	-0.197	0.602416667	0.842125	-0.367166667	-0.43175	-0.731333333	-1.60725	-0.1595	0.104166667	-0.432	-0.051	-2.838	-0.12625	-1.162	-1.60625	3.442666667
TCGA-21-1081-01	-0.34	0.960333333	0.502	-0.25475	-0.477	-0.1395	-0.544666667	0.37425	2.2315	-0.585375	0.380833333	0.184583333	0.116875	-1.167833333	1.003	-0.065	-3.4125	0.0475	0.512333333	-0.5805	-0.91125	-0.146666667	0.0085	0.303625	-0.651416667	3.4145
TCGA-21-5782-01																										
TCGA-21-5784-01																										
TCGA-21-5786-01																										
TCGA-21-5787-01																										
TCGA-22-0944-01	0.28575	1.766	0.40325	-0.71375	-1.1495	0.2387	-1.321333333	0.58475	2.27075	0.1495	0.2	0.430833333	0.22925	-0.958333333	-0.0405	-0.396833333	-3.508	1.230666667	0.104833333	-0.3395	-0.889	-0.057666667	-0.136	-0.99725	-1.27225	2.525166667
TCGA-22-1002-01	0.549666667	-0.3055	0.3255	-0.1	0.398	0.9675	0.249333333	0.273	2.087	-0.45325	-0.619333333	1.858	0.11925	-0.892666667	-0.061875	-0.4045	-1.296	-0.061833333	0.003666667	-0.1945	-0.78675	-1.608666667	-0.319666667	0.376	-1.225	2.101
TCGA-22-1011-01	-0.740416667	0.920833333	-0.256	0.177	0.206	0.9284	-0.224166667	0.10475	2.81425	-0.061125	0.673666667	0.848666667	-0.04075	-0.396833333	-0.056625	0.323666667	-3.46225	0.998833333	-0.4835	0.2345	-0.47025	-0.457333333	0.117583333	0.116625	-0.331666667	2.3985
TCGA-22-1012-01	1.110416667	1.621333333	1.828	-0.51775	-0.43	0.2712	-0.507	0.5805	0.9605	-0.793875	0.548166667	-0.412916667	-0.173375	-1.1575	0.6825	-0.1465	-3.2505	0.025666667	-0.066833333	-0.2005	-0.6195	-1.3635	-0.2295	-0.324375	-0.915416667	2.731166667
TCGA-22-1016-01	0.179666667	0.329	-0.16775	-0.03775	0.777	0.7717	0.3715	-0.22225	2.26575	-0.505625	0.048666667	0.558333333	0.740125	-1.1345	-0.53975	-0.187833333	-1.75	-0.167833333	-0.062666667	-0.199	-0.19575	-1.416833333	0.13575	1.3915	-0.576083333	2.269666667
TCGA-22-4591-01	0.162416667	0.0725	2.201	-0.804	-1.3525	0.7342	-1.284333333	0.43625	2.249	-0.736625	-0.8085	-0.687	0.29125	-1.385333333	0.8885	-0.812666667	-2.3455	-0.0765	-0.952	0.863	-0.169	-0.7205	0.5415	-0.632375	-0.64225	1.5715
TCGA-22-4593-01																										
TCGA-22-4595-01	1.48375	0.1565	0.56025	-0.40275	0.0385	1.3228	-1.007666667	0.2805	1.7585	-0.323	-0.166166667	-0.487916667	0.118125	-0.691	1.15275	-1.068	-0.97225	0.157333333	-0.4285	0.01	0.26	-1.808333333	0.270416667	0.381375	-0.714166667	1.0815
TCGA-22-4599-01	-0.049916667	0.788833333	0.98975	-0.28775	-1.1245	0.7273	-0.941666667	-0.46975	1.79525	-0.450875	0.421833333	-0.232	0.003875	-1.347833333	0.203875	-0.876333333	-2.7945	-0.392666667	-0.778	-0.153	-0.38575	-0.607166667	-0.67275	0.108875	-0.733333333	0.2275
TCGA-22-4601-01	-0.081166667	0.426833333	0.926	-0.2835	-1.1205	0.9753	-0.684333333	-0.3535	2.09025	0.09675	-0.472666667	0.92675	1.0485	-0.557666667	-0.7035	-0.286833333	-2.254	-0.216166667	0.095833333	0.0175	-0.1165	0.0015	-0.10625	-0.719125	-0.75775	2.8585
TCGA-22-4604-01	0.508	-0.005333333	0.43825	-0.402	-0.398	0.3284	-0.930833333	0.2915	1.74525	-0.1155	-0.098166667	-0.335333333	-0.068	-0.830666667	-0.038625	-1.279	-0.74325	0.104333333	-0.536333333	0.2685	-0.97275	-0.558333333	0.315083333	0.630125	-0.707833333	1.379333333
TCGA-22-4607-01	-0.2975	0.2425	-0.6885	-0.98275	-0.2785	-0.1492	-1.1325	-0.93975	1.70175	-0.14	-1.2205	-0.44625	-0.6315	-1.1445	-0.188375	-0.9135	-3.0065	0.609166667	-0.458166667	0.267	-0.64525	-0.889	0.305333333	-0.310125	-0.393666667	2.214333333
TCGA-22-4613-01	-2.19725	0.404	0.73225	-0.95125	-1.3405	0.2131	-1.304666667	0.183	1.08975	0.08875	-0.258166667	-0.286916667	0.149625	-0.7945	0.266125	-0.900833333	-4.3735	-0.321166667	-0.655333333	-1.1285	-1.331	-0.5158	-0.693	0.083142857	-0.90675	2.180833333
TCGA-22-5471-01																										
TCGA-22-5472-01																										
TCGA-22-5473-01																										
TCGA-22-5474-01																										
TCGA-22-5477-01																										
TCGA-22-5478-01																										
TCGA-22-5480-01																										
TCGA-22-5482-01																										
TCGA-22-5485-01																										
TCGA-22-5489-01																										
TCGA-22-5491-01																										
TCGA-22-5492-01																										
TCGA-33-4532-01	0.307333333	0.3375	1.33975	-0.40325	-0.314	0.7293	-1.8175	-0.5025	1.24925	-0.1935	-0.524166667	0.193	0.529125	-0.591666667	0.216375	-0.768833333	-3.58125	1.080333333	-0.154	0.0055	-0.33475	-0.766	0.64875	-1.21	-1.028916667	1.459166667
TCGA-33-4533-01	-0.373666667	-0.465833333	-0.9875	-0.0815	-0.864	0.527	-0.958166667	1.009	1.6775	-0.286	0.150833333	-0.447666667	0.95425	-0.7945	-0.082375	-1.514833333	0.468	-0.826	0.183333333	0.5955	0.142	-1.248666667	-0.315416667	0.87675	-1.243666667	-0.348666667
TCGA-33-4538-01	1.251833333	0.121	0.647	-0.3915	0.178	0.7716	-1.373	-0.26325	2.28875	0.039875	-0.054333333	0.45	0.78975	-0.282166667	0.064375	-1.316	-2.7875	1.0255	0.139166667	0.2635	-0.725	-0.568833333	-0.088666667	-0.026125	-1.114916667	1.543333333
TCGA-33-4547-01	0.871416667	-0.2105	0.18325	0.04525	0.8495	1.4783	-1.083166667	0.738	3.0205	-0.01025	-0.916833333	-0.352166667	-0.071625	-0.923	-0.264375	-1.367666667	-3.422	0.274333333	-0.4955	0.321	-1.0325	-1.253	-0.9415	0.230125	-1.222833333	1.5265
TCGA-33-4566-01	-0.1445	0.135333333	0.3495	-0.6235	-1.1105	0.5435	-1.364833333	-0.6205	1.4615	0.150875	0.369666667	0.669916667	-0.804	-0.6206	-0.25675	-0.7985	-2.52875	-0.222	-0.832333333	0.231	0.4815	0.268	0.533333333	0.2085	-0.962583333	2.235833333
TCGA-33-4582-01	0.010083333	0.824	0.34775	-0.58475	-1.152	1.4758	-1.088333333	-0.4435	2.0525	-0.868875	-0.327833333	0.27375	-0.03	-0.582	0.790375	-0.264166667	-3.2325	0.938333333	-0.314	0.6045	-0.63175	-1.282666667	-0.7725	-0.697428571	-1.8235	1.6255
TCGA-33-4583-01																										
TCGA-33-4586-01																										
TCGA-33-6737-01																										
TCGA-34-2596-01	0.755916667	0.990666667	2.07125	-0.69075	-0.1655	0.7181	-0.8105	-0.69575	1.006	-0.152	0.3525	0.124666667	1.07375	-0.304	0.064125	-0.932333333	-0.8475	0.029833333	0.020333333	-0.436	-0.63475	-0.899333333	-1.00925	-0.7555	-0.911333333	1.585666667
TCGA-34-2600-01	0.514166667	0.641	1.9185	-0.30825	1.3645	0.9134	-1.476	0.30825	1.16225	-0.27125	0.472333333	0.173666667	0.739625	-0.264166667	0.01825	-0.567166667	-1.30025	-0.537833333	0.020333333	0.2575	-0.884	-2.575166667	0.18725	-1.430625	-1.03775	2.968666667
TCGA-34-2608-01	-0.131	0.762666667	0.299	-0.5855	-0.458	0.9052	-0.938	-0.125	2.414	-0.38025	-0.458666667	0.042583333	0.227125	-1.3595	-0.14125	-0.617666667	-2.65725	0.364666667	-0.449	-0.226	-0.504	-0.216333333	-0.035	0.926125	-0.32725	1.738333333
TCGA-34-5231-01																										
TCGA-34-5232-01																										
TCGA-34-5234-01																										
TCGA-34-5236-01																										
TCGA-34-5239-01																										
TCGA-34-5240-01	-0.7825	-0.133166667	-0.3815	-0.51	-2.8715	0.196	-1.2545	-0.7155	1.38175	0.198	-0.084666667	-0.245	-0.462625	-0.877666667	0.276875	-0.433	-3.203	0.541666667	-0.8095	-0.221	0.02825	-0.040833333	-0.575833333	0.01325	-0.926416667	2.216333333
TCGA-34-5241-01	-1.100583333	-0.253333333	0.931	-0.89775	-3.0785	-0.3223	-1.488333333	-0.556	1.632	0.424125	-0.940666667	0.869333333	0.108375	-0.633	0.438875	-0.419666667	-1.9305	1.132833333	0.879666667	0.2365	-0.59725	0.219833333	0.122666667	0.440625	-0.542833333	2.183
TCGA-34-5927-01																										
TCGA-34-5928-01																										
TCGA-34-5929-01																										
TCGA-37-3783-01	-0.7135	-0.245666667	1.219	-1.023	0.4605	0.375	-1.576166667	0.3135	2.4925	-0.32575	-0.793333333	-0.702916667	-0.931875	-1.4955	-0.02125	-1.139833333	-2.81125	0.301333333	-1.018666667	0.462	0.17475	-1.081333333	0.476833333	-0.01	-0.5135	2.567833333
TCGA-37-3789-01	0.054416667	0.134666667	-0.27175	-0.9695	0.3265	1.2136	-1.883666667	0.68075	1.749	-0.165875	-1.064333333	-0.283833333	-0.1565	-1.37	-0.08325	-1.294333333	-2.02575	0.879666667	-0.684166667	0.89	0.18025	-0.958666667	0.281666667	-0.165125	-0.87425	1.948166667
TCGA-37-4133-01	-0.2015	0.1465	0.3725	-0.97225	-0.5925	-0.0556	-1.2	-1.784	1.18575	-0.86925	-0.887666667	-0.671416667	0.118125	-1.708833333	-0.0315	-0.593666667	-2.455	-0.476666667	-0.702166667	-0.1025	-0.16475	-0.130333333	0.345583333	-1.017875	-0.65125	3.186166667
TCGA-37-4135-01	0.434416667	-0.284	0.187	-1.20825	-1.4085	-0.5315	-1.611333333	-0.5485	0.50225	-1.036625	-1.1095	-1.00225	-1.358875	-1.0455	0.11025	-0.829	-1.66975	-0.406666667	-0.744	0.195	-1.05475	-1.800833333	0.050166667	-0.962428571	0.032	2.048333333
TCGA-37-4141-01	-0.73025	-1.857333333	0.39525	-0.805	-1.1375	0.0919	-1.4	-0.99225	-0.27	-0.620875	-1.187333333	-0.8065	0.076875	-1.538833333	0.013875	-1.359166667	-2.71225	-1.355166667	-0.6775	0.2875	0.13625	-2.133	2.644333333	-0.57475	-0.953583333	1.405833333
TCGA-37-5819-01																										
TCGA-39-5016-01	-0.765666667	0.646	0.20775	-0.31075	-0.0065	1.4117	-1.036666667	-0.074	1.937	-0.75	0.7325	0.041166667	-0.314125	-1.068833333	0.2645	-0.812666667	-3.23325	-0.114666667	-0.672333333	-0.5245	0.3125	-0.1905	-0.323916667	0.7115	-1.238166667	2.2015
TCGA-39-5019-01																										
TCGA-39-5021-01	1.556	0.582166667	0.41225	-0.9155	-0.98	0.329	-1.071333333	-0.63275	1.463	-0.451	-0.4665	0.089666667	0.1175	-1.207166667	-0.207875	-0.820333333	-2.1665	-1.3045	-0.180166667	0.058	-0.913	-0.5955	-0.373166667	0.0295	-0.720333333	1.609
TCGA-39-5022-01																										
TCGA-39-5024-01																										
TCGA-39-5027-01																										
TCGA-39-5028-01																										
TCGA-39-5029-01	-1.9915	0.715	0.991	0.31175	-1.668	1.6131	-1.173	0.66875	2.3245	0.130125	-0.2085	0.111416667	-0.312	-1.374333333	0.605125	-0.418666667	-2.37375	-0.496666667	-0.4975	-0.5025	-0.801	0.262333333	-0.498583333	0.361625	-0.86925	1.148166667
TCGA-39-5030-01	-1.353416667	0.4745	-0.238	-0.15675	-1.0985	0.7703	-0.708833333	-0.4775	2.039	-0.004125	0.379666667	0.536416667	0.02375	-1.495333333	-0.204875	-0.5725	-2.189	-1.103833333	-0.501666667	0.024	-0.18975	-0.528666667	-0.372	0.9125	-0.431	0.761166667
TCGA-39-5031-01																										
TCGA-39-5035-01	0.775333333	-0.451	-1.018	-0.27375	-0.746	0.7781	-0.339	0.84725	1.17675	-0.099625	-0.375833333	0.146666667	-0.852625	-2.084666667	-1.124125	-0.785	-2.2425	-0.465333333	-0.253833333	-0.1305	-1.3085	-1.2025	-0.321333333	-0.266285714	-0.410083333	2.074666667
TCGA-39-5036-01	-0.739083333	1.301666667	0.75475	-0.762	-1.571	0.5001	-1.359166667	-0.0375	1.36925	0.307875	-0.058833333	0.948333333	0.33825	-1.3002	1.289625	-0.326833333	-2.302	0.1635	-0.358	-0.0445	-1.13225	0.393333333	-0.046583333	-0.949714286	-0.76275	2.3035
TCGA-39-5037-01	0.129666667	1.093	0.5005	-0.60875	-1.195	0.9905	-1.420833333	-0.20675	0.68825	-0.085625	-0.590833333	0.037	-0.813625	-0.513166667	0.012	-0.880666667	-1.98875	0.738166667	-0.745333333	-0.046	-1.69775	-0.097	-0.85375	-1.3015	-0.679916667	1.994333333
TCGA-39-5039-01																										
TCGA-43-2578-01	0.872083333	-0.072	1.45025	-0.09625	-0.221	1.1389	-1.193833333	0.60475	0.5855	-0.7375	-0.374666667	1.007333333	1.045875	-0.7105	-1.095875	-0.524833333	-2.80575	-0.694666667	0.733666667	0.0765	-0.6975	-0.058333333	-0.19325	-0.12875	-0.536416667	1.088666667
TCGA-43-3394-01	1.947	0.6785	1.88875	-0.96175	-1.3485	1.0987	-1.960833333	-0.41325	1.893	0.3635	0.059666667	0.182083333	0.329875	-0.166	0.083125	-1.092833333	-2.5695	0.552666667	-0.119666667	-0.4015	0.22	0.200833333	0.265916667	-0.318125	-0.4665	2.551666667
TCGA-43-3920-01	0.351583333	-0.256	0.01175	-0.622	-0.547	0.9628	-1.6625	0.2875	2.06525	-0.592125	-0.018166667	-0.657666667	1.029875	-0.7215	-0.5345	-1.372	-2.76625	0.728166667	-0.47	-0.748	-0.69325	-0.19	-0.206083333	0.276	-0.399916667	2.514333333
TCGA-43-5668-01																										
TCGA-43-6143-01																										
TCGA-43-6647-01																										
TCGA-43-6770-01																										
TCGA-43-6771-01																										
TCGA-46-3765-01	0.423083333	1.271333333	0.50775	-0.523	-0.658	0.9295	-1.404	-0.5865	0.99575	-0.208625	0.162833333	-0.446083333	-0.172625	-0.487166667	1.133875	-0.863	-3.22625	0.478666667	-0.593333333	-0.2615	-0.35275	-0.545166667	0.259083333	0.1345	-0.417333333	2.430833333
TCGA-46-3766-01	0.20575	0.383333333	-0.49925	-0.68875	0.585	0.9048	-0.4915	0.70825	2.3625	0.109125	-0.358166667	0.16225	0.403625	-0.4495	-0.027375	-0.572666667	-2.4675	-0.408	-0.621	-0.308	-0.229	-0.910333333	-0.06725	0.896375	-0.146666667	1.291166667
TCGA-46-3767-01	0.757416667	-0.134333333	0.17625	-0.2085	1.136	1.3535	-0.797666667	0.3555	2.36975	-0.2915	-0.463166667	0.540083333	0.315375	-0.825166667	0.033875	-0.501833333	-1.584	0.218333333	-0.435	-0.242	-0.1365	-0.6225	0.10575	0.743625	-0.425	1.507166667
TCGA-46-3768-01	0.580166667	0.649	1.42425	-0.7385	-0.351	0.9843	-0.873333333	0.05925	1.62	-0.394375	0.689666667	1.30875	0.258625	-0.730666667	0.130875	-0.4705	-3.345	-0.0935	-0.6325	-0.919	0.3505	0.259	-0.619083333	-0.27175	-0.768583333	2.626
TCGA-46-3769-01	0.017666667	-1.1565	0.0385	-0.61975	-0.2555	1.365	-1.644833333	-0.33225	1.3615	-0.10325	0.180333333	0.655833333	0.6285	-1.0145	0.093125	-1.017166667	-3.4155	-0.847833333	-0.446833333	-0.098	1.02175	0.401333333	0.6135	1.292	-0.615166667	1.5995
TCGA-46-6025-01																										
TCGA-46-6026-01																										
TCGA-51-4079-01	1.266416667	1.086833333	0.1215	-0.62775	0.1325	0.1997	-1.133666667	-0.80275	2.13275	0.279625	-0.110166667	0.250666667	0.719875	-0.750166667	-0.147375	-0.8755	-3.20475	0.789333333	-0.047333333	-0.4735	-0.81175	-0.378333333	-0.103333333	0.676375	-1.340833333	2.124166667
TCGA-51-4080-01	0.496666667	1.305333333	1.37525	-1.4015	0.261	0.6529	-1.534166667	-0.2775	0.48975	-0.3675	-0.076666667	-1.21325	-0.52275	-0.69	-0.487875	-1.1325	-2.014	0.152	-1.189	-0.172	0.115	-0.0095	-0.379083333	-0.816375	-1.6985	2.443166667
TCGA-51-4081-01	1.771916667	0.896	1.37675	-0.514	0.466	0.4959	-0.645333333	-0.08725	1.68025	-0.088875	-0.255166667	0.120916667	1.00675	-0.790666667	0.45775	-1.145666667	-3.00425	0.508666667	-0.193166667	-0.327	-0.527	-0.296666667	-0.830666667	0.034125	-1.49375	1.762666667
TCGA-56-1622-01	1.564083333	0.985166667	0.19375	-0.18975	0.161	1.5921	-0.109833333	0.6505	2.56175	0.004875	0.391333333	0.59475	0.234	-0.3385	0.98275	0.4785	-3.12925	0.719666667	-0.078833333	-0.48	-0.49725	1.0535	0.158416667	-0.96525	-0.805	2.408166667
TCGA-56-5897-01																										
TCGA-56-5898-01																										
TCGA-56-6545-01																										
TCGA-56-6546-01																										
TCGA-60-2698-01	0.834	0.189	0.7005	-0.68125	-0.5885	0.6434	-1.136833333	0.36675	1.514	-0.371875	0.004	0.40775	0.282625	-1.2895	0.034875	-0.720666667	-3.061	0.282166667	0.007166667	-0.423	0.204	-0.325666667	0.224166667	0.474125	-0.416833333	2.556166667
TCGA-60-2707-01	0.458583333	0.524333333	0.01125	-0.75	0.1305	1.383	-1.264166667	-0.342	2.14725	-0.092	-0.616166667	1.352333333	0.028375	-1.047833333	0.268375	-0.164333333	-2.798	1.104	0.432666667	0.1815	-0.30175	-1.184	-0.072416667	0.976	-0.761916667	2.661833333
TCGA-60-2708-01	0.445416667	0.75	1.18675	-1.28775	0.4295	1.4651	-1.259166667	0.29875	1.5755	-0.671375	0.172833333	0.588083333	0.140125	-1.394166667	0.804375	-0.979833333	-2.66775	0.387166667	0.062833333	-0.1375	-1.09575	0.8665	0.072416667	0.9685	-1.048916667	0.8515
TCGA-60-2709-01																										
TCGA-60-2710-01	0.563333333	1.447166667	0.31175	-0.37025	-0.1635	0.9002	-0.907166667	0.11425	2.6755	0.33225	0.157	1.344583333	0.38125	-0.184166667	0.203875	-0.802833333	-2.7775	0.941166667	-0.497333333	0.3375	-0.1875	-0.788	0.2255	0.09125	-0.955666667	1.7275
TCGA-60-2711-01	0.157833333	1.232333333	1.767	-0.35625	-1.0315	0.9212	-1.126	1.291	2.221	0.3575	-0.117	0.714916667	-0.24875	0.2635	0.278375	-0.979333333	-0.144	0.149166667	-0.544166667	0.4735	-0.85825	-1.0075	-0.100333333	-1.224375	-1.195833333	1.9135
TCGA-60-2712-01	-0.331083333	0.6055	-0.78775	-0.59325	0.026	0.8013	-0.560833333	0.26525	1.2385	-0.44525	0.586333333	-0.112416667	0.021375	-1.096666667	-0.633125	-0.747833333	-3.11225	-1.151666667	-0.229666667	-0.128	-0.02725	-1.061166667	0.041333333	0.44175	0.245416667	2.071166667
TCGA-60-2713-01	-0.073916667	1.223833333	1.27525	-0.39825	-0.99	1.1368	-0.786333333	1.08425	2.2645	-0.018	-0.590166667	-0.257083333	0.40425	-0.1915	0.082625	-0.843666667	-1.4875	0.182333333	-0.271	-0.1875	-0.635	-2.336333333	0.020333333	0.552875	-0.512416667	1.446
TCGA-60-2715-01	-0.077666667	-0.406333333	-0.14925	-0.31775	0.583	0.7098	0.234166667	-0.0065	2.198	-0.389875	-0.440166667	0.425583333	0.653625	-1.4865	-0.476125	-0.457333333	-1.68425	-0.2275	-0.135	0.0145	-0.459	-1.503333333	-0.419083333	1.63075	-0.306666667	1.509
TCGA-60-2719-01	0.4525	1.301666667	1.03825	-0.4975	-0.4505	0.8195	-1.4865	0.56075	1.98975	0.32675	0.193166667	0.17775	0.803	0.152	0.21725	-1.6215	-2.60325	1.066666667	-0.44	0.367	-0.21325	-2.897	1.086083333	-0.0845	-0.233333333	1.145333333
TCGA-60-2720-01	0.735416667	0.487	0.4375	-0.5795	-0.2575	1.7392	-1.256666667	0.3495	2.5815	-0.761	-0.015833333	1.365416667	0.358875	-1.795	-0.2045	-1.0625	-1.567	0.226333333	0.04	0.0395	-0.1525	-0.977333333	0.045166667	1.8295	-0.45625	1.374833333
TCGA-60-2721-01	0.2805	-0.093333333	0.831	-0.35	0.1915	1.1553	-1.039333333	0.871	2.6415	-0.241625	-0.754	-0.165833333	0.118625	-0.649833333	0.20975	-0.846166667	-4.05175	0.824833333	-0.531166667	0.4325	-1.0555	-2.035166667	-0.007166667	0.343375	-0.620833333	2.571833333
TCGA-60-2722-01	0.1575	1.259166667	0.76875	-0.27025	-0.423	0.8773	-1.33	-0.12575	0.54	0.216875	-0.131166667	-2.419666667	-0.02075	-0.214333333	0.68	-0.9065	-2.2255	0.604666667	-1.075	-0.4755	-0.04975	1.368166667	0.024833333	-0.583	-0.827833333	3.185666667
TCGA-60-2723-01	0.282833333	0.000833333	0.78175	-0.744	-0.8405	0.8836	-1.372666667	-0.112	1.66225	-0.98275	-0.0705	-0.194666667	0.0565	-0.740166667	0.512625	-0.904166667	-3.00075	0.288	-0.306	-0.4755	-0.556	-0.6455	0.0475	0.44775	-0.971416667	1.6915
TCGA-60-2724-01	-0.22675	0.0845	-0.36975	-1.108	-0.7085	0.2231	-1.338333333	-0.2235	1.82025	-0.220375	-0.297166667	0.429583333	1.042	-0.505833333	-0.00825	-0.451166667	-3.77575	1.4945	-0.0485	0.293	-0.512	0.170166667	0.541333333	0.248625	0.020583333	1.845
TCGA-60-2725-01	0.494	0.100833333	0.7295	-0.37625	-0.0055	0.9027	-1.163166667	0.188	2.2445	-0.03875	-0.436833333	0.137666667	0.142	-0.749833333	0.3835	-1.006166667	-3.002	0.671166667	-0.721	-0.5325	-0.7645	-1.891166667	-0.47875	0.70325	-0.386583333	1.459
TCGA-60-2726-01	0.448666667	1.156	0.4415	-0.82925	-0.097	0.8458	-0.372333333	-0.27525	1.5895	-1.084625	-0.247166667	0.134916667	0.565375	-1.748166667	-0.65475	-0.794	-2.26225	-0.674333333	-0.479	0.2045	-1.7875	-0.539833333	-0.597083333	-0.2115	-0.335416667	1.481666667
TCGA-63-5128-01	0.906083333	0.867833333	1.14675	-0.49325	-0.92	1.1821	-1.535166667	-0.0255	1.5445	0.734125	0.876833333	0.000666667	1.029375	-0.393833333	0.565625	-0.917166667	-2.5575	1.513166667	0.071666667	-0.1815	-0.44175	-0.221666667	0.235083333	-0.016875	-1.292416667	2.360333333
TCGA-63-5131-01	-0.2275	0.446833333	1.30575	-0.05875	-1.7645	1.3607	-0.941333333	-0.34175	2.4945	-0.546125	0.683166667	0.069416667	0.092875	-1.218	0.479875	0.414166667	-2.723	-0.5845	-0.523333333	0.1825	-0.5775	-0.676166667	-0.46825	2.21225	-1.058333333	2.367166667
TCGA-63-6202-01																										
TCGA-66-2727-01	0.301583333	1.425	0.35275	-0.35125	-0.0545	1.2963	-1.058333333	0.5055	2.08475	-0.305875	0.088166667	-0.10525	0.0415	-0.552166667	0.112375	-0.763833333	-2.91675	1.162833333	-0.729666667	0.1915	0.68925	0.412166667	0.559833333	-0.216	-0.883	2.227333333
TCGA-66-2734-01	-0.147166667	1.170666667	0.5135	-0.57825	-0.248	1.0452	-0.719166667	0.88725	3.33175	-0.003875	0.06	1.440833333	0.0705	-0.820666667	0.540125	-0.726	-3.678	1.209	0.6075	0.361	-0.40875	0.310833333	0.36325	0.902125	-0.32675	1.871833333
TCGA-66-2742-01	0.43875	0.232166667	0.155	-0.7065	-0.652	0.8416	-0.699833333	-0.16625	2.56175	-0.7395	-0.149166667	-0.141583333	0.03625	-1.548333333	-0.267625	-1.21	-3.61225	-0.192333333	-0.312333333	-0.6075	-0.2675	-0.464166667	-0.28675	0.009625	-0.666333333	2.561333333
TCGA-66-2744-01	0.627	0.0645	0.1355	-0.0895	0.86	1.2371	-0.901166667	0.33525	1.651	-0.538125	0.124666667	0.669083333	0.427125	-1.465166667	0.412875	-0.439166667	-2.342	-0.725333333	-0.376	-0.26	-0.05775	-0.542	0.25175	0.8875	-0.122916667	1.038666667
TCGA-66-2754-01	0.40575	0.906833333	-0.92075	-0.86575	-0.272	0.9808	-1.697666667	1.059	1.38	0.931875	0.0875	0.53725	-0.13675	-0.352833333	-0.143875	-0.8015	-2.81025	0.374333333	-1.060833333	0.1905	0.8595	0.743166667	0.779083333	0.168125	-0.0535	1.907833333
TCGA-66-2755-01	-0.259166667	0.565	0.71425	-0.13025	-0.1495	1.0693	-1.198333333	0.029	0.951	0.693875	0.040833333	0.266166667	0.780875	0.497333333	-0.06025	-1.124833333	-3.94025	-0.196333333	-0.436166667	0.3085	-0.6015	-2.415666667	-0.129166667	0.504875	-0.286333333	-0.124666667
TCGA-66-2756-01	0.771583333	0.072	1.48275	-1.13125	-0.4615	-0.0746	-1.4925	-1.06175	0.68875	-0.89425	-0.8325	-0.083833333	-0.096375	-1.860333333	-1.0525	-0.463166667	-3.576	-0.758333333	-0.680166667	0.459	-0.3835	-0.897	-0.365	-0.847375	-0.22175	1.766666667
TCGA-66-2757-01	0.394583333	-0.163666667	0.083	-0.663	0.129	0.4123	-1.354	0.231	0.3815	-0.4095	-0.705333333	-1.10925	-0.3615	-0.4465	-1.3645	-1.380666667	-0.39475	0.253333333	-0.7575	-0.5605	-0.6885	-2.697666667	0.338166667	-0.24475	-0.533583333	1.459666667
TCGA-66-2758-01	0.750166667	1.288	1.091	-0.8265	-0.8055	0.7183	-1.637666667	-0.7195	0.93475	-0.377125	0.127333333	-0.086333333	0.916875	-0.599333333	0.006375	-1.249166667	-2.89175	0.360166667	-1.354833333	-0.393	0.1195	0.540833333	-0.599583333	-0.377625	-0.437	2.198333333
TCGA-66-2759-01	-0.091583333	0.652166667	0.9975	-0.20675	0.773	1.3631	-1.591666667	-0.2215	2.72125	0.236375	-0.106833333	-0.142916667	0.29875	-0.9775	-0.072625	-0.857166667	-3.6665	1.428	-0.3375	0.136	-0.03625	-1.230833333	0.629416667	0.2005	-0.248333333	2.099333333
TCGA-66-2763-01	0.327333333	-0.825833333	0.97525	-0.378	-0.476	1.3313	-1.257666667	-0.889	1.37925	-0.080125	0.322166667	-0.202416667	0.0145	-0.241833333	0.25125	0.599833333	-3.0055	0.45	-0.4175	0.337	-0.221	-1.34	0.753	-0.71975	-0.190833333	2.235666667
TCGA-66-2765-01	-0.809333333	1.624	-0.43275	-0.96675	0.5135	0.5491	-1.413333333	0.918	2.92925	-0.2985	0.144333333	0.708	0.415625	-0.5865	0.335375	-0.762166667	-3.1585	0.663666667	0.255166667	0.4295	-0.09175	-0.139333333	0.485333333	-0.138875	-0.319916667	1.484833333
TCGA-66-2766-01	0.184666667	0.802333333	1.12825	-0.24875	0.1405	0.2823	-1.580333333	-0.971	0.93925	-0.05775	-0.524333333	-1.06975	-0.39525	-0.621333333	0.191375	-0.721166667	-2.80425	1.326	-0.548833333	0.2095	0.132	-0.694333333	0.763166667	-0.7525	-0.226166667	2.023833333
TCGA-66-2767-01	0.956166667	1.039833333	1.717	-0.365	-0.1885	1.0955	-0.751833333	0.156	2.21275	-0.717125	-0.0845	-0.038666667	0.27175	-0.594833333	-0.09275	-0.650333333	-3.0325	-0.485833333	-0.559833333	-0.6835	-0.342	-1.470333333	-0.37525	0.7155	-0.543916667	1.7815
TCGA-66-2768-01	-0.044916667	0.686166667	0.94675	-0.9535	-0.524	0.6203	-1.178666667	0.83	2.08675	-0.015625	-0.5955	-0.379916667	-0.3865	-1.355833333	0.139	-0.4715	-2.2925	0.947	-0.688666667	0.4725	0.32175	0.941333333	0.34475	0.224	-0.922	2.206
TCGA-66-2770-01	0.13525	1.402833333	-0.34575	-0.581	0.2085	1.1971	-0.811	-0.362	1.6205	-0.210125	-0.11	0.04375	0.809625	-0.583833333	-0.32475	-0.8675	-3.1055	0.5985	-0.011666667	-0.52	-0.173	0.0355	-0.229666667	0.189125	-0.91575	1.7145
TCGA-66-2771-01	-0.530916667	-0.486833333	0.18325	-0.42875	-0.149	0.6118	-1.525166667	-0.0995	1.58725	-0.336	-0.048	0.060166667	-0.186	-0.512166667	-0.4165	-0.092666667	-2.72475	1.008	-0.7735	-0.269	-0.337	-1.189833333	0.382916667	0.32075	0.395083333	2.516
TCGA-66-2773-01	0.152833333	0.270666667	0.10075	-0.51625	-0.239	0.8187	-0.969666667	-0.4415	2.57975	0.0215	0.162666667	-0.117583333	0.3245	-0.804833333	0.22025	-0.8855	-4.125	1.157166667	-0.470666667	0.0395	-0.48325	0.134666667	0.11075	-0.007	-0.820666667	2.21
TCGA-66-2777-01	1.235416667	0.903833333	1.40775	-0.543	-0.5095	0.6465	-0.905166667	-0.196	2.0615	0.009375	-0.3255	0.422416667	0.003125	-0.601166667	1.40875	-0.7965	-2.85025	0.427666667	-0.7685	0.0815	-0.624	-0.156	0.233916667	0.40375	-0.696166667	2.024666667
TCGA-66-2778-01	0.13925	0.216166667	0.03625	-1.3955	0.2285	0.4055	-1.931833333	-0.79575	1.836	-0.737875	-0.399833333	0.2525	-0.291	-1.150666667	-0.01625	-0.856	-2.4225	1.293	0.027	0.394	-1.5025	0.291166667	0.43575	-0.489625	0.281166667	3.02
TCGA-66-2780-01	-0.256666667	-0.200333333	0.73225	-0.68975	1.016	0.8905	-2.003	0.04425	1.8625	-0.121625	-0.782	0.469166667	0.014375	-1.0245	0.19525	-0.956833333	-2.943	0.888666667	-0.427333333	0.306	-0.3995	0.721833333	0.108166667	-0.182	-0.379666667	1.757
TCGA-66-2781-01	0.04325	-0.149333333	0.0955	-0.847	-1.1945	0.675	-1.615666667	-0.24175	2.1805	-0.475375	-0.544833333	0.183833333	0.4875	-1.454166667	0.356125	-0.922	-2.56875	0.3595	-0.698166667	0.112	-0.49225	1.222666667	0.708333333	-0.792714286	0.0065	2.001833333
TCGA-66-2782-01	0.150833333	-0.073333333	0.599	-0.71	1.1665	1.0884	-1.180666667	-0.20675	2.051	-0.89025	-0.716333333	-0.045166667	-0.325375	-0.9795	-0.457125	-0.419833333	-3.259	0.343333333	-0.378	0.5585	-0.70525	-0.377333333	-0.27625	-0.013375	-0.369166667	1.978
TCGA-66-2783-01	0.037166667	1.693666667	1.643	-0.6105	0.2075	0.7946	-1.073833333	-0.702	2.0945	-0.069125	0.173666667	-0.333333333	-0.564875	-0.053333333	0.52275	-0.466166667	-3.773	1.3505	-0.373	-0.619	0.477	-0.5595	0.73325	-0.438625	-0.729083333	2.872
TCGA-66-2785-01	0.684583333	-0.376666667	0.527	-0.609	-0.5925	1.0455	-1.157333333	0.2545	1.7535	0.093125	-0.602833333	0.693416667	-0.072875	-0.901333333	-0.9115	-1.017166667	2.20625	-0.135	-0.595166667	0.4305	-0.53525	-1.844	0.062333333	1.378125	-0.112833333	2.533666667
TCGA-66-2786-01	-0.087833333	1.341833333	0.13625	-1.025	-0.7325	0.3117	-0.8645	0.97675	2.46075	-0.10175	-0.5245	0.649333333	0.00175	-1.645333333	-0.14975	-0.959833333	-2.2255	0.017666667	-0.2535	-0.077	-0.45925	-0.5125	-0.455583333	0.489875	-0.635083333	1.532666667
TCGA-66-2787-01	1.342	1.265	0.916	-0.405	0.4335	1.1441	-0.426333333	-0.1455	1.1375	0.038	0.012833333	0.268166667	1.61	0.0785	-0.064125	-0.993166667	-0.6115	0.444833333	-0.695333333	-0.2975	-0.20775	-0.226833333	0.0035	0.007	-0.306	2.357833333
TCGA-66-2788-01	-0.206666667	0.058333333	0.785	-0.3665	-0.375	1.1693	-1.243833333	0.2555	2.63375	-0.01225	-0.535333333	0.217166667	0.193625	-1.023	0.328625	-0.361833333	-3.65025	0.774333333	-0.639333333	-0.129	-0.2605	0.615	0.283416667	0.75975	-0.503083333	1.8525
TCGA-66-2789-01	0.28725	-0.131833333	0.269	-0.04125	0.1165	1.4327	-0.910333333	0.618	2.487	-0.3355	-0.697166667	-0.336166667	0.223125	-1.199	-0.64475	-0.9315	-2.587	0.367	-0.595833333	-0.233	-0.396	-1.390833333	0.347583333	0.492125	-1.354916667	2.033833333
TCGA-66-2791-01	0.054083333	-0.011166667	0.0995	-0.12175	0.207	0.7769	-1.179333333	-0.738	1.66925	0.1065	-0.044	-0.487666667	0.355875	-0.6115	0.067125	-0.840333333	-3.5055	0.235166667	-0.725666667	-0.9945	0.67875	-0.669666667	-0.024583333	0.3555	-0.737333333	0.907333333
TCGA-66-2792-01	0.151333333	0.7265	1.2595	-0.7185	-0.719	1.4697	-1.399	0.45725	2.33925	-0.035375	-0.041	0.33825	1.298625	-0.301666667	0.9285	-1.264666667	-2.553	1.294	0.153666667	-0.636	0.1715	0.506666667	-0.372333333	1.404125	-0.481916667	1.768666667
TCGA-66-2793-01	0.363833333	0.844666667	1.81725	-0.49175	-0.6125	0.8442	-1.282333333	1.90575	1.64175	-0.560125	-1.260833333	-0.25125	2.0065	-0.846	-0.950625	-0.999666667	0.594	0.799166667	0.108333333	0.3945	-0.43825	-1.995666667	0.36225	-1.188875	-1.308083333	1.510833333
TCGA-66-2794-01	1.400916667	0.402	0.60775	-0.12425	-0.533	-0.0111	-1.0295	-0.63375	2.22425	-0.8235	0.449	0.198166667	0.293375	-1.733333333	-0.187125	-1.090166667	-2.46525	-1.060666667	-0.3575	-0.083	-1.20975	-0.456333333	-1.049666667	-0.487875	-0.24825	1.731666667
TCGA-66-2795-01	-0.0835	0.657666667	1.089	-1.08975	0.748	0.5883	-1.198166667	-0.7565	0.842	-0.3705	-0.485333333	-0.587916667	-0.286	-0.907333333	-0.683875	-0.789	-2.34375	-0.301666667	-0.785833333	-0.583	0.624	-0.038	-0.102416667	0.1355	-0.709666667	2.894166667
TCGA-66-2800-01	0.498833333	-0.343166667	1.00425	-0.5545	-0.488	0.3349	-1.444833333	-0.05525	1.3625	-0.248	-0.417166667	-0.120916667	0.5335	-1.017333333	0.233875	-1.4355	-2.13175	-0.542166667	-0.324166667	0.244	-0.8945	-0.6075	-0.161083333	0.477875	-0.404333333	1.613833333
TCGA-70-6722-01																										
TCGA-70-6723-01																										
TCGA-85-6175-01																										
TCGA-85-6560-01																										
TCGA-85-6561-01																										
