	Cabin	Embarked	Fare	Parch	Pclass	Sex	SibSp	Survived	Ticket
1		S	7.25	0	3	male	1	0	A/5 21171
2	C85	C	71.2833	0	1	female	1	1	PC 17599
3		S	7.925	0	3	female	0	1	STON/O2. 3101282
4	C123	S	53.1	0	1	female	1	1	113803
5		S	8.05	0	3	male	0	0	373450
6		Q	8.4583	0	3	male	0	0	330877
7	E46	S	51.8625	0	1	male	0	0	17463
8		S	21.075	1	3	male	3	0	349909
9		S	11.1333	2	3	female	0	1	347742
10		C	30.0708	0	2	female	1	1	237736
11	G6	S	16.7	1	3	female	1	1	PP 9549
12	C103	S	26.55	0	1	female	0	1	113783
13		S	8.05	0	3	male	0	0	A/5. 2151
14		S	31.275	5	3	male	1	0	347082
15		S	7.8542	0	3	female	0	0	350406
16		S	16	0	2	female	0	1	248706
17		Q	29.125	1	3	male	4	0	382652
18		S	13	0	2	male	0	1	244373
19		S	18	0	3	female	1	0	345763
20		C	7.225	0	3	female	0	1	2649
21		S	26	0	2	male	0	0	239865
22	D56	S	13	0	2	male	0	1	248698
23		Q	8.0292	0	3	female	0	1	330923
24	A6	S	35.5	0	1	male	0	1	113788
25		S	21.075	1	3	female	3	0	349909
26		S	31.3875	5	3	female	1	1	347077
27		C	7.225	0	3	male	0	0	2631
28	C23 C25 C27	S	263	2	1	male	3	0	19950
29		Q	7.8792	0	3	female	0	1	330959
30		S	7.8958	0	3	male	0	0	349216
31		C	27.7208	0	1	male	0	0	PC 17601
32	B78	C	146.5208	0	1	female	1	1	PC 17569
33		Q	7.75	0	3	female	0	1	335677
34		S	10.5	0	2	male	0	0	C.A. 24579
35		C	82.1708	0	1	male	1	0	PC 17604
36		S	52	0	1	male	1	0	113789
37		C	7.2292	0	3	male	0	1	2677
38		S	8.05	0	3	male	0	0	A./5. 2152
39		S	18	0	3	female	2	0	345764
40		C	11.2417	0	3	female	1	1	2651
41		S	9.475	0	3	female	1	0	7546
42		S	21	0	2	female	1	0	11668
43		C	7.8958	0	3	male	0	0	349253
44		C	41.5792	2	2	female	1	1	SC/Paris 2123
45		Q	7.8792	0	3	female	0	1	330958
46		S	8.05	0	3	male	0	0	S.C./A.4. 23567
47		Q	15.5	0	3	male	1	0	370371
48		Q	7.75	0	3	female	0	1	14311
49		C	21.6792	0	3	male	2	0	2662
50		S	17.8	0	3	female	1	0	349237
51		S	39.6875	1	3	male	4	0	3101295
52		S	7.8	0	3	male	0	0	A/4. 39886
53	D33	C	76.7292	0	1	female	1	1	PC 17572
54		S	26	0	2	female	1	1	2926
55	B30	C	61.9792	1	1	male	0	0	113509
56	C52	S	35.5	0	1	male	0	1	19947
57		S	10.5	0	2	female	0	1	C.A. 31026
58		C	7.2292	0	3	male	0	0	2697
59		S	27.75	2	2	female	1	1	C.A. 34651
60		S	46.9	2	3	male	5	0	CA 2144
61		C	7.2292	0	3	male	0	0	2669
62	B28		80	0	1	female	0	1	113572
63	C83	S	83.475	0	1	male	1	0	36973
64		S	27.9	2	3	male	3	0	347088
65		C	27.7208	0	1	male	0	0	PC 17605
66		C	15.2458	1	3	male	1	1	2661
67	F33	S	10.5	0	2	female	0	1	C.A. 29395
68		S	8.1583	0	3	male	0	0	S.P. 3464
69		S	7.925	2	3	female	4	1	3101281
70		S	8.6625	0	3	male	2	0	315151
71		S	10.5	0	2	male	0	0	C.A. 33111
72		S	46.9	2	3	female	5	0	CA 2144
73		S	73.5	0	2	male	0	0	S.O.C. 14879
74		C	14.4542	0	3	male	1	0	2680
75		S	56.4958	0	3	male	0	1	1601
76	F G73	S	7.65	0	3	male	0	0	348123
77		S	7.8958	0	3	male	0	0	349208
78		S	8.05	0	3	male	0	0	374746
79		S	29	2	2	male	0	1	248738
80		S	12.475	0	3	female	0	1	364516
81		S	9	0	3	male	0	0	345767
82		S	9.5	0	3	male	0	1	345779
83		Q	7.7875	0	3	female	0	1	330932
84		S	47.1	0	1	male	0	0	113059
85		S	10.5	0	2	female	0	1	SO/C 14885
86		S	15.85	0	3	female	3	1	3101278
87		S	34.375	3	3	male	1	0	W./C. 6608
88		S	8.05	0	3	male	0	0	SOTON/OQ 392086
89	C23 C25 C27	S	263	2	1	female	3	1	19950
90		S	8.05	0	3	male	0	0	343275
91		S	8.05	0	3	male	0	0	343276
92		S	7.8542	0	3	male	0	0	347466
93	E31	S	61.175	0	1	male	1	0	W.E.P. 5734
94		S	20.575	2	3	male	1	0	C.A. 2315
95		S	7.25	0	3	male	0	0	364500
96		S	8.05	0	3	male	0	0	374910
97	A5	C	34.6542	0	1	male	0	0	PC 17754
98	D10 D12	C	63.3583	1	1	male	0	1	PC 17759
99		S	23	1	2	female	0	1	231919
100		S	26	0	2	male	1	0	244367
101		S	7.8958	0	3	female	0	0	349245
102		S	7.8958	0	3	male	0	0	349215
103	D26	S	77.2875	1	1	male	0	0	35281
104		S	8.6542	0	3	male	0	0	7540
105		S	7.925	0	3	male	2	0	3101276
106		S	7.8958	0	3	male	0	0	349207
107		S	7.65	0	3	female	0	1	343120
108		S	7.775	0	3	male	0	1	312991
109		S	7.8958	0	3	male	0	0	349249
110		Q	24.15	0	3	female	1	1	371110
111	C110	S	52	0	1	male	0	0	110465
112		C	14.4542	0	3	female	1	0	2665
113		S	8.05	0	3	male	0	0	324669
114		S	9.825	0	3	female	1	0	4136
115		C	14.4583	0	3	female	0	0	2627
116		S	7.925	0	3	male	0	0	STON/O 2. 3101294
117		Q	7.75	0	3	male	0	0	370369
118		S	21	0	2	male	1	0	11668
119	B58 B60	C	247.5208	1	1	male	0	0	PC 17558
120		S	31.275	2	3	female	4	0	347082
121		S	73.5	0	2	male	2	0	S.O.C. 14879
122		S	8.05	0	3	male	0	0	A4. 54510
123		C	30.0708	0	2	male	1	0	237736
124	E101	S	13	0	2	female	0	1	27267
125	D26	S	77.2875	1	1	male	0	0	35281
126		C	11.2417	0	3	male	1	1	2651
127		Q	7.75	0	3	male	0	0	370372
128		S	7.1417	0	3	male	0	1	C 17369
129	F E69	C	22.3583	1	3	female	1	1	2668
130		S	6.975	0	3	male	0	0	347061
131		C	7.8958	0	3	male	0	0	349241
132		S	7.05	0	3	male	0	0	SOTON/O.Q. 3101307
133		S	14.5	0	3	female	1	0	A/5. 3337
134		S	26	0	2	female	1	1	228414
135		S	13	0	2	male	0	0	C.A. 29178
136		C	15.0458	0	2	male	0	0	SC/PARIS 2133
137	D47	S	26.2833	2	1	female	0	1	11752
138	C123	S	53.1	0	1	male	1	0	113803
139		S	9.2167	0	3	male	0	0	7534
140	B86	C	79.2	0	1	male	0	0	PC 17593
141		C	15.2458	2	3	female	0	0	2678
142		S	7.75	0	3	female	0	1	347081
143		S	15.85	0	3	female	1	1	STON/O2. 3101279
144		Q	6.75	0	3	male	0	0	365222
145		S	11.5	0	2	male	0	0	231945
146		S	36.75	1	2	male	1	0	C.A. 33112
147		S	7.7958	0	3	male	0	1	350043
148		S	34.375	2	3	female	2	0	W./C. 6608
149	F2	S	26	2	2	male	0	0	230080
150		S	13	0	2	male	0	0	244310
151		S	12.525	0	2	male	0	0	S.O.P. 1166
152	C2	S	66.6	0	1	female	1	1	113776
153		S	8.05	0	3	male	0	0	A.5. 11206
154		S	14.5	2	3	male	0	0	A/5. 851
155		S	7.3125	0	3	male	0	0	Fa 265302
156		C	61.3792	1	1	male	0	0	PC 17597
157		Q	7.7333	0	3	female	0	1	35851
158		S	8.05	0	3	male	0	0	SOTON/OQ 392090
159		S	8.6625	0	3	male	0	0	315037
160		S	69.55	2	3	male	8	0	CA. 2343
161		S	16.1	1	3	male	0	0	371362
162		S	15.75	0	2	female	0	1	C.A. 33595
163		S	7.775	0	3	male	0	0	347068
164		S	8.6625	0	3	male	0	0	315093
165		S	39.6875	1	3	male	4	0	3101295
166		S	20.525	2	3	male	0	1	363291
167	E33	S	55	1	1	female	0	1	113505
168		S	27.9	4	3	female	1	0	347088
169		S	25.925	0	1	male	0	0	PC 17318
170		S	56.4958	0	3	male	0	0	1601
171	B19	S	33.5	0	1	male	0	0	111240
172		Q	29.125	1	3	male	4	0	382652
173		S	11.1333	1	3	female	1	1	347742
174		S	7.925	0	3	male	0	0	STON/O 2. 3101280
175	A7	C	30.6958	0	1	male	0	0	17764
176		S	7.8542	1	3	male	1	0	350404
177		S	25.4667	1	3	male	3	0	4133
178	C49	C	28.7125	0	1	female	0	0	PC 17595
179		S	13	0	2	male	0	0	250653
180		S	0	0	3	male	0	0	LINE
181		S	69.55	2	3	female	8	0	CA. 2343
182		C	15.05	0	2	male	0	0	SC/PARIS 2131
183		S	31.3875	2	3	male	4	0	347077
184	F4	S	39	1	2	male	2	1	230136
185		S	22.025	2	3	female	0	1	315153
186	A32	S	50	0	1	male	0	0	113767
187		Q	15.5	0	3	female	1	1	370365
188		S	26.55	0	1	male	0	1	111428
189		Q	15.5	1	3	male	1	0	364849
190		S	7.8958	0	3	male	0	0	349247
191		S	13	0	2	female	0	1	234604
192		S	13	0	2	male	0	0	28424
193		S	7.8542	0	3	female	1	1	350046
194	F2	S	26	1	2	male	1	1	230080
195	B4	C	27.7208	0	1	female	0	1	PC 17610
196	B80	C	146.5208	0	1	female	0	1	PC 17569
197		Q	7.75	0	3	male	0	0	368703
198		S	8.4042	1	3	male	0	0	4579
199		Q	7.75	0	3	female	0	1	370370
200		S	13	0	2	female	0	0	248747
201		S	9.5	0	3	male	0	0	345770
202		S	69.55	2	3	male	8	0	CA. 2343
203		S	6.4958	0	3	male	0	0	3101264
204		C	7.225	0	3	male	0	0	2628
205		S	8.05	0	3	male	0	1	A/5 3540
206	G6	S	10.4625	1	3	female	0	0	347054
207		S	15.85	0	3	male	1	0	3101278
208		C	18.7875	0	3	male	0	1	2699
209		Q	7.75	0	3	female	0	1	367231
210	A31	C	31	0	1	male	0	1	112277
211		S	7.05	0	3	male	0	0	SOTON/O.Q. 3101311
212		S	21	0	2	female	0	1	F.C.C. 13528
213		S	7.25	0	3	male	0	0	A/5 21174
214		S	13	0	2	male	0	0	250646
215		Q	7.75	0	3	male	1	0	367229
216	D36	C	113.275	0	1	female	1	1	35273
217		S	7.925	0	3	female	0	1	STON/O2. 3101283
218		S	27	0	2	male	1	0	243847
219	D15	C	76.2917	0	1	female	0	1	11813
220		S	10.5	0	2	male	0	0	W/C 14208
221		S	8.05	0	3	male	0	1	SOTON/OQ 392089
222		S	13	0	2	male	0	0	220367
223		S	8.05	0	3	male	0	0	21440
224		S	7.8958	0	3	male	0	0	349234
225	C93	S	90	0	1	male	1	1	19943
226		S	9.35	0	3	male	0	0	PP 4348
227		S	10.5	0	2	male	0	1	SW/PP 751
228		S	7.25	0	3	male	0	0	A/5 21173
229		S	13	0	2	male	0	0	236171
230		S	25.4667	1	3	female	3	0	4133
231	C83	S	83.475	0	1	female	1	1	36973
232		S	7.775	0	3	male	0	0	347067
233		S	13.5	0	2	male	0	0	237442
234		S	31.3875	2	3	female	4	1	347077
235		S	10.5	0	2	male	0	0	C.A. 29566
236		S	7.55	0	3	female	0	0	W./C. 6609
237		S	26	0	2	male	1	0	26707
238		S	26.25	2	2	female	0	1	C.A. 31921
239		S	10.5	0	2	male	0	0	28665
240		S	12.275	0	2	male	0	0	SCO/W 1585
241		C	14.4542	0	3	female	1	0	2665
242		Q	15.5	0	3	female	1	1	367230
243		S	10.5	0	2	male	0	0	W./C. 14263
244		S	7.125	0	3	male	0	0	STON/O 2. 3101275
245		C	7.225	0	3	male	0	0	2694
246	C78	Q	90	0	1	male	2	0	19928
247		S	7.775	0	3	female	0	0	347071
248		S	14.5	2	2	female	0	1	250649
249	D35	S	52.5542	1	1	male	1	1	11751
250		S	26	0	2	male	1	0	244252
251		S	7.25	0	3	male	0	0	362316
252	G6	S	10.4625	1	3	female	1	0	347054
253	C87	S	26.55	0	1	male	0	0	113514
254		S	16.1	0	3	male	1	0	A/5. 3336
255		S	20.2125	2	3	female	0	0	370129
256		C	15.2458	2	3	female	0	1	2650
257		C	79.2	0	1	female	0	1	PC 17585
258	B77	S	86.5	0	1	female	0	1	110152
259		C	512.3292	0	1	female	0	1	PC 17755
260		S	26	1	2	female	0	1	230433
261		Q	7.75	0	3	male	0	0	384461
262		S	31.3875	2	3	male	4	1	347077
263	E67	S	79.65	1	1	male	1	0	110413
264	B94	S	0	0	1	male	0	0	112059
265		Q	7.75	0	3	female	0	0	382649
266		S	10.5	0	2	male	0	0	C.A. 17248
267		S	39.6875	1	3	male	4	0	3101295
268		S	7.775	0	3	male	1	1	347083
269	C125	S	153.4625	1	1	female	0	1	PC 17582
270	C99	S	135.6333	0	1	female	0	1	PC 17760
271		S	31	0	1	male	0	0	113798
272		S	0	0	3	male	0	1	LINE
273		S	19.5	1	2	female	0	1	250644
274	C118	C	29.7	1	1	male	0	0	PC 17596
275		Q	7.75	0	3	female	0	1	370375
276	D7	S	77.9583	0	1	female	1	1	13502
277		S	7.75	0	3	female	0	0	347073
278		S	0	0	2	male	0	0	239853
279		Q	29.125	1	3	male	4	0	382652
280		S	20.25	1	3	female	1	1	C.A. 2673
281		Q	7.75	0	3	male	0	0	336439
282		S	7.8542	0	3	male	0	0	347464
283		S	9.5	0	3	male	0	0	345778
284		S	8.05	0	3	male	0	1	A/5. 10482
285	A19	S	26	0	1	male	0	0	113056
286		C	8.6625	0	3	male	0	0	349239
287		S	9.5	0	3	male	0	1	345774
288		S	7.8958	0	3	male	0	0	349206
289		S	13	0	2	male	0	1	237798
290		Q	7.75	0	3	female	0	1	370373
291		S	78.85	0	1	female	0	1	19877
292	B49	C	91.0792	0	1	female	1	1	11967
293	D	C	12.875	0	2	male	0	0	SC/Paris 2163
294		S	8.85	0	3	female	0	0	349236
295		S	7.8958	0	3	male	0	0	349233
296		C	27.7208	0	1	male	0	0	PC 17612
297		C	7.2292	0	3	male	0	0	2693
298	C22 C26	S	151.55	2	1	female	1	0	113781
299	C106	S	30.5	0	1	male	0	1	19988
300	B58 B60	C	247.5208	1	1	female	0	1	PC 17558
301		Q	7.75	0	3	female	0	1	9234
302		Q	23.25	0	3	male	2	1	367226
303		S	0	0	3	male	0	0	LINE
304	E101	Q	12.35	0	2	female	0	1	226593
305		S	8.05	0	3	male	0	0	A/5 2466
306	C22 C26	S	151.55	2	1	male	1	1	113781
307		C	110.8833	0	1	female	0	1	17421
308	C65	C	108.9	0	1	female	1	1	PC 17758
309		C	24	0	2	male	1	0	P/PP 3381
310	E36	C	56.9292	0	1	female	0	1	PC 17485
311	C54	C	83.1583	0	1	female	0	1	11767
312	B57 B59 B63 B66	C	262.375	2	1	female	2	1	PC 17608
313		S	26	1	2	female	1	0	250651
314		S	7.8958	0	3	male	0	0	349243
315		S	26.25	1	2	male	1	0	F.C.C. 13529
316		S	7.8542	0	3	female	0	1	347470
317		S	26	0	2	female	1	1	244367
318		S	14	0	2	male	0	0	29011
319	C7	S	164.8667	2	1	female	0	1	36928
320	E34	C	134.5	1	1	female	1	1	16966
321		S	7.25	0	3	male	0	0	A/5 21172
322		S	7.8958	0	3	male	0	0	349219
323		Q	12.35	0	2	female	0	1	234818
324		S	29	1	2	female	1	1	248738
325		S	69.55	2	3	male	8	0	CA. 2343
326	C32	C	135.6333	0	1	female	0	1	PC 17760
327		S	6.2375	0	3	male	0	0	345364
328	D	S	13	0	2	female	0	1	28551
329		S	20.525	1	3	female	1	1	363291
330	B18	C	57.9792	1	1	female	0	1	111361
331		Q	23.25	0	3	female	2	1	367226
332	C124	S	28.5	0	1	male	0	0	113043
333	C91	S	153.4625	1	1	male	0	0	PC 17582
334		S	18	0	3	male	2	0	345764
335		S	133.65	0	1	female	1	1	PC 17611
336		S	7.8958	0	3	male	0	0	349225
337	C2	S	66.6	0	1	male	1	0	113776
338	E40	C	134.5	0	1	female	0	1	16966
339		S	8.05	0	3	male	0	1	7598
340	T	S	35.5	0	1	male	0	0	113784
341	F2	S	26	1	2	male	1	1	230080
342	C23 C25 C27	S	263	2	1	female	3	1	19950
343		S	13	0	2	male	0	0	248740
344		S	13	0	2	male	0	0	244361
345		S	13	0	2	male	0	0	229236
346	F33	S	13	0	2	female	0	1	248733
347		S	13	0	2	female	0	1	31418
348		S	16.1	0	3	female	1	1	386525
349		S	15.9	1	3	male	1	1	C.A. 37671
350		S	8.6625	0	3	male	0	0	315088
351		S	9.225	0	3	male	0	0	7267
352	C128	S	35	0	1	male	0	0	113510
353		C	7.2292	1	3	male	1	0	2695
354		S	17.8	0	3	male	1	0	349237
355		C	7.225	0	3	male	0	0	2647
356		S	9.5	0	3	male	0	0	345783
357	E33	S	55	1	1	female	0	1	113505
358		S	13	0	2	female	0	0	237671
359		Q	7.8792	0	3	female	0	1	330931
360		Q	7.8792	0	3	female	0	1	330980
361		S	27.9	4	3	male	1	0	347088
362		C	27.7208	0	2	male	1	0	SC/PARIS 2167
363		C	14.4542	1	3	female	0	0	2691
364		S	7.05	0	3	male	0	0	SOTON/O.Q. 3101310
365		Q	15.5	0	3	male	1	0	370365
366		S	7.25	0	3	male	0	0	C 7076
367	D37	C	75.25	0	1	female	1	1	110813
368		C	7.2292	0	3	female	0	1	2626
369		Q	7.75	0	3	female	0	1	14313
370	B35	C	69.3	0	1	female	0	1	PC 17477
371	E50	C	55.4417	0	1	male	1	1	11765
372		S	6.4958	0	3	male	1	0	3101267
373		S	8.05	0	3	male	0	0	323951
374		C	135.6333	0	1	male	0	0	PC 17760
375		S	21.075	1	3	female	3	0	349909
376		C	82.1708	0	1	female	1	1	PC 17604
377		S	7.25	0	3	female	0	1	C 7077
378	C82	C	211.5	2	1	male	0	0	113503
379		C	4.0125	0	3	male	0	0	2648
380		S	7.775	0	3	male	0	0	347069
381		C	227.525	0	1	female	0	1	PC 17757
382		C	15.7417	2	3	female	0	1	2653
383		S	7.925	0	3	male	0	0	STON/O 2. 3101293
384		S	52	0	1	female	1	1	113789
385		S	7.8958	0	3	male	0	0	349227
386		S	73.5	0	2	male	0	0	S.O.C. 14879
387		S	46.9	2	3	male	5	0	CA 2144
388		S	13	0	2	female	0	1	27849
389		Q	7.7292	0	3	male	0	0	367655
390		C	12	0	2	female	0	1	SC 1748
391	B96 B98	S	120	2	1	male	1	1	113760
392		S	7.7958	0	3	male	0	1	350034
393		S	7.925	0	3	male	2	0	3101277
394	D36	C	113.275	0	1	female	1	1	35273
395	G6	S	16.7	2	3	female	0	1	PP 9549
396		S	7.7958	0	3	male	0	0	350052
397		S	7.8542	0	3	female	0	0	350407
398		S	26	0	2	male	0	0	28403
399		S	10.5	0	2	male	0	0	244278
400		S	12.65	0	2	female	0	1	240929
401		S	7.925	0	3	male	0	1	STON/O 2. 3101289
402		S	8.05	0	3	male	0	0	341826
403		S	9.825	0	3	female	1	0	4137
404		S	15.85	0	3	male	1	0	STON/O2. 3101279
405		S	8.6625	0	3	female	0	0	315096
406		S	21	0	2	male	1	0	28664
407		S	7.75	0	3	male	0	0	347064
408		S	18.75	1	2	male	1	1	29106
409		S	7.775	0	3	male	0	0	312992
410		S	25.4667	1	3	female	3	0	4133
411		S	7.8958	0	3	male	0	0	349222
412		Q	6.8583	0	3	male	0	0	394140
413	C78	Q	90	0	1	female	1	1	19928
414		S	0	0	2	male	0	0	239853
415		S	7.925	0	3	male	0	1	STON/O 2. 3101269
416		S	8.05	0	3	female	0	0	343095
417		S	32.5	1	2	female	1	1	28220
418		S	13	2	2	female	0	1	250652
419		S	13	0	2	male	0	0	28228
420		S	24.15	2	3	female	0	0	345773
421		C	7.8958	0	3	male	0	0	349254
422		Q	7.7333	0	3	male	0	0	A/5. 13032
423		S	7.875	0	3	male	0	0	315082
424		S	14.4	1	3	female	1	0	347080
425		S	20.2125	1	3	male	1	0	370129
426		S	7.25	0	3	male	0	0	A/4. 34244
427		S	26	0	2	female	1	1	2003
428		S	26	0	2	female	0	1	250655
429		Q	7.75	0	3	male	0	0	364851
430	E10	S	8.05	0	3	male	0	1	SOTON/O.Q. 392078
431	C52	S	26.55	0	1	male	0	1	110564
432		S	16.1	0	3	female	1	1	376564
433		S	26	0	2	female	1	1	SC/AH 3085
434		S	7.125	0	3	male	0	0	STON/O 2. 3101274
435	E44	S	55.9	0	1	male	1	0	13507
436	B96 B98	S	120	2	1	female	1	1	113760
437		S	34.375	2	3	female	2	0	W./C. 6608
438		S	18.75	3	2	female	2	1	29106
439	C23 C25 C27	S	263	4	1	male	1	0	19950
440		S	10.5	0	2	male	0	0	C.A. 18723
441		S	26.25	1	2	female	1	1	F.C.C. 13529
442		S	9.5	0	3	male	0	0	345769
443		S	7.775	0	3	male	1	0	347076
444		S	13	0	2	female	0	1	230434
445		S	8.1125	0	3	male	0	1	65306
446	A34	S	81.8583	2	1	male	0	1	33638
447		S	19.5	1	2	female	0	1	250644
448		S	26.55	0	1	male	0	1	113794
449		C	19.2583	1	3	female	2	1	2666
450	C104	S	30.5	0	1	male	0	1	113786
451		S	27.75	2	2	male	1	0	C.A. 34651
452		S	19.9667	0	3	male	1	0	65303
453	C111	C	27.75	0	1	male	0	0	113051
454	C92	C	89.1042	0	1	male	1	1	17453
455		S	8.05	0	3	male	0	0	A/5 2817
456		C	7.8958	0	3	male	0	1	349240
457	E38	S	26.55	0	1	male	0	0	13509
458	D21	S	51.8625	0	1	female	1	1	17464
459		S	10.5	0	2	female	0	1	F.C.C. 13531
460		Q	7.75	0	3	male	0	0	371060
461	E12	S	26.55	0	1	male	0	1	19952
462		S	8.05	0	3	male	0	0	364506
463	E63	S	38.5	0	1	male	0	0	111320
464		S	13	0	2	male	0	0	234360
465		S	8.05	0	3	male	0	0	A/S 2816
466		S	7.05	0	3	male	0	0	SOTON/O.Q. 3101306
467		S	0	0	2	male	0	0	239853
468		S	26.55	0	1	male	0	0	113792
469		Q	7.725	0	3	male	0	0	36209
470		C	19.2583	1	3	female	2	1	2666
471		S	7.25	0	3	male	0	0	323592
472		S	8.6625	0	3	male	0	0	315089
473		S	27.75	2	2	female	1	1	C.A. 34651
474	D	C	13.7917	0	2	female	0	1	SC/AH Basle 541
475		S	9.8375	0	3	female	0	0	7553
476	A14	S	52	0	1	male	0	0	110465
477		S	21	0	2	male	1	0	31027
478		S	7.0458	0	3	male	1	0	3460
479		S	7.5208	0	3	male	0	0	350060
480		S	12.2875	1	3	female	0	1	3101298
481		S	46.9	2	3	male	5	0	CA 2144
482		S	0	0	2	male	0	0	239854
483		S	8.05	0	3	male	0	0	A/5 3594
484		S	9.5875	0	3	female	0	1	4134
485	B49	C	91.0792	0	1	male	1	1	11967
486		S	25.4667	1	3	female	3	0	4133
487	C93	S	90	0	1	female	1	1	19943
488	B37	C	29.7	0	1	male	0	0	11771
489		S	8.05	0	3	male	0	0	A.5. 18509
490		S	15.9	1	3	male	1	1	C.A. 37671
491		S	19.9667	0	3	male	1	0	65304
492		S	7.25	0	3	male	0	0	SOTON/OQ 3101317
493	C30	S	30.5	0	1	male	0	0	113787
494		C	49.5042	0	1	male	0	0	PC 17609
495		S	8.05	0	3	male	0	0	A/4 45380
496		C	14.4583	0	3	male	0	0	2627
497	D20	C	78.2667	0	1	female	1	1	36947
498		S	15.1	0	3	male	0	0	C.A. 6212
499	C22 C26	S	151.55	2	1	female	1	0	113781
500		S	7.7958	0	3	male	0	0	350035
501		S	8.6625	0	3	male	0	0	315086
502		Q	7.75	0	3	female	0	0	364846
503		Q	7.6292	0	3	female	0	0	330909
504		S	9.5875	0	3	female	0	0	4135
505	B79	S	86.5	0	1	female	0	1	110152
506	C65	C	108.9	0	1	male	1	0	PC 17758
507		S	26	2	2	female	0	1	26360
508		S	26.55	0	1	male	0	1	111427
509		S	22.525	0	3	male	0	0	C 4001
510		S	56.4958	0	3	male	0	1	1601
511		Q	7.75	0	3	male	0	1	382651
512		S	8.05	0	3	male	0	0	SOTON/OQ 3101316
513	E25	S	26.2875	0	1	male	0	1	PC 17473
514		C	59.4	0	1	female	1	1	PC 17603
515		S	7.4958	0	3	male	0	0	349209
516	D46	S	34.0208	0	1	male	0	0	36967
517	F33	S	10.5	0	2	female	0	1	C.A. 34260
518		Q	24.15	0	3	male	0	0	371110
519		S	26	0	2	female	1	1	226875
520		S	7.8958	0	3	male	0	0	349242
521	B73	S	93.5	0	1	female	0	1	12749
522		S	7.8958	0	3	male	0	0	349252
523		C	7.225	0	3	male	0	0	2624
524	B18	C	57.9792	1	1	female	0	1	111361
525		C	7.2292	0	3	male	0	0	2700
526		Q	7.75	0	3	male	0	0	367232
527		S	10.5	0	2	female	0	1	W./C. 14258
528	C95	S	221.7792	0	1	male	0	0	PC 17483
529		S	7.925	0	3	male	0	0	3101296
530		S	11.5	1	2	male	2	0	29104
531		S	26	1	2	female	1	1	26360
532		C	7.2292	0	3	male	0	0	2641
533		C	7.2292	1	3	male	1	0	2690
534		C	22.3583	2	3	female	0	1	2668
535		S	8.6625	0	3	female	0	0	315084
536		S	26.25	2	2	female	0	1	F.C.C. 13529
537	B38	S	26.55	0	1	male	0	0	113050
538		C	106.425	0	1	female	0	1	PC 17761
539		S	14.5	0	3	male	0	0	364498
540	B39	C	49.5	2	1	female	0	1	13568
541	B22	S	71	2	1	female	0	1	WE/P 5735
542		S	31.275	2	3	female	4	0	347082
543		S	31.275	2	3	female	4	0	347082
544		S	26	0	2	male	1	1	2908
545	C86	C	106.425	0	1	male	1	0	PC 17761
546		S	26	0	1	male	0	0	693
547		S	26	0	2	female	1	1	2908
548		C	13.8625	0	2	male	0	1	SC/PARIS 2146
549		S	20.525	1	3	male	1	0	363291
550		S	36.75	1	2	male	1	1	C.A. 33112
551	C70	C	110.8833	2	1	male	0	1	17421
552		S	26	0	2	male	0	0	244358
553		Q	7.8292	0	3	male	0	0	330979
554		C	7.225	0	3	male	0	1	2620
555		S	7.775	0	3	female	0	1	347085
556		S	26.55	0	1	male	0	0	113807
557	A16	C	39.6	0	1	female	1	1	11755
558		C	227.525	0	1	male	0	0	PC 17757
559	E67	S	79.65	1	1	female	1	1	110413
560		S	17.4	0	3	female	1	1	345572
561		Q	7.75	0	3	male	0	0	372622
562		S	7.8958	0	3	male	0	0	349251
563		S	13.5	0	2	male	0	0	218629
564		S	8.05	0	3	male	0	0	SOTON/OQ 392082
565		S	8.05	0	3	female	0	0	SOTON/O.Q. 392087
566		S	24.15	0	3	male	2	0	A/4 48871
567		S	7.8958	0	3	male	0	0	349205
568		S	21.075	4	3	female	0	0	349909
569		C	7.2292	0	3	male	0	0	2686
570		S	7.8542	0	3	male	0	1	350417
571		S	10.5	0	2	male	0	1	S.W./PP 752
572	C101	S	51.4792	0	1	female	2	1	11769
573	E25	S	26.3875	0	1	male	0	1	PC 17474
574		Q	7.75	0	3	female	0	1	14312
575		S	8.05	0	3	male	0	0	A/4. 20589
576		S	14.5	0	3	male	0	0	358585
577		S	13	0	2	female	0	1	243880
578	E44	S	55.9	0	1	female	1	1	13507
579		C	14.4583	0	3	female	1	0	2689
580		S	7.925	0	3	male	0	1	STON/O 2. 3101286
581		S	30	1	2	female	1	1	237789
582	C68	C	110.8833	1	1	female	1	1	17421
583		S	26	0	2	male	0	0	28403
584	A10	C	40.125	0	1	male	0	0	13049
585		C	8.7125	0	3	male	0	0	3411
586	E68	S	79.65	2	1	female	0	1	110413
587		S	15	0	2	male	0	0	237565
588	B41	C	79.2	1	1	male	1	1	13567
589		S	8.05	0	3	male	0	0	14973
590		S	8.05	0	3	male	0	0	A./5. 3235
591		S	7.125	0	3	male	0	0	STON/O 2. 3101273
592	D20	C	78.2667	0	1	female	1	1	36947
593		S	7.25	0	3	male	0	0	A/5 3902
594		Q	7.75	2	3	female	0	0	364848
595		S	26	0	2	male	1	0	SC/AH 29037
596		S	24.15	1	3	male	1	0	345773
597		S	33	0	2	female	0	1	248727
598		S	0	0	3	male	0	0	LINE
599		C	7.225	0	3	male	0	0	2664
600	A20	C	56.9292	0	1	male	1	1	PC 17485
601		S	27	1	2	female	2	1	243847
602		S	7.8958	0	3	male	0	0	349214
603		S	42.4	0	1	male	0	0	113796
604		S	8.05	0	3	male	0	0	364511
605		C	26.55	0	1	male	0	1	111426
606		S	15.55	0	3	male	1	0	349910
607		S	7.8958	0	3	male	0	0	349246
608		S	30.5	0	1	male	0	1	113804
609		C	41.5792	2	2	female	1	1	SC/Paris 2123
610	C125	S	153.4625	0	1	female	0	1	PC 17582
611		S	31.275	5	3	female	1	0	347082
612		S	7.05	0	3	male	0	0	SOTON/O.Q. 3101305
613		Q	15.5	0	3	female	1	1	367230
614		Q	7.75	0	3	male	0	0	370377
615		S	8.05	0	3	male	0	0	364512
616		S	65	2	2	female	1	1	220845
617		S	14.4	1	3	male	1	0	347080
618		S	16.1	0	3	female	1	0	A/5. 3336
619	F4	S	39	1	2	female	2	1	230136
620		S	10.5	0	2	male	0	0	31028
621		C	14.4542	0	3	male	1	0	2659
622	D19	S	52.5542	0	1	male	1	1	11753
623		C	15.7417	1	3	male	1	1	2653
624		S	7.8542	0	3	male	0	0	350029
625		S	16.1	0	3	male	0	0	54636
626	D50	S	32.3208	0	1	male	0	0	36963
627		Q	12.35	0	2	male	0	0	219533
628	D9	S	77.9583	0	1	female	0	1	13502
629		S	7.8958	0	3	male	0	0	349224
630		Q	7.7333	0	3	male	0	0	334912
631	A23	S	30	0	1	male	0	1	27042
632		S	7.0542	0	3	male	0	0	347743
633	B50	C	30.5	0	1	male	0	1	13214
634		S	0	0	1	male	0	0	112052
635		S	27.9	2	3	female	3	0	347088
636		S	13	0	2	female	0	1	237668
637		S	7.925	0	3	male	0	0	STON/O 2. 3101292
638		S	26.25	1	2	male	1	0	C.A. 31921
639		S	39.6875	5	3	female	0	0	3101295
640		S	16.1	0	3	male	1	0	376564
641		S	7.8542	0	3	male	0	0	350050
642	B35	C	69.3	0	1	female	0	1	PC 17477
643		S	27.9	2	3	female	3	0	347088
644		S	56.4958	0	3	male	0	1	1601
645		C	19.2583	1	3	female	2	1	2666
646	D33	C	76.7292	0	1	male	1	1	PC 17572
647		S	7.8958	0	3	male	0	0	349231
648	A26	C	35.5	0	1	male	0	1	13213
649		S	7.55	0	3	male	0	0	S.O./P.P. 751
650		S	7.55	0	3	female	0	1	CA. 2314
651		S	7.8958	0	3	male	0	0	349221
652		S	23	1	2	female	0	1	231919
653		S	8.4333	0	3	male	0	0	8475
654		Q	7.8292	0	3	female	0	1	330919
655		Q	6.75	0	3	female	0	0	365226
656		S	73.5	0	2	male	2	0	S.O.C. 14879
657		S	7.8958	0	3	male	0	0	349223
658		Q	15.5	1	3	female	1	0	364849
659		S	13	0	2	male	0	0	29751
660	D48	C	113.275	2	1	male	0	0	35273
661		S	133.65	0	1	male	2	1	PC 17611
662		C	7.225	0	3	male	0	0	2623
663	E58	S	25.5875	0	1	male	0	0	5727
664		S	7.4958	0	3	male	0	0	349210
665		S	7.925	0	3	male	1	1	STON/O 2. 3101285
666		S	73.5	0	2	male	2	0	S.O.C. 14879
667		S	13	0	2	male	0	0	234686
668		S	7.775	0	3	male	0	0	312993
669		S	8.05	0	3	male	0	0	A/5 3536
670	C126	S	52	0	1	female	1	1	19996
671		S	39	1	2	female	1	1	29750
672	B71	S	52	0	1	male	1	0	F.C. 12750
673		S	10.5	0	2	male	0	0	C.A. 24580
674		S	13	0	2	male	0	1	244270
675		S	0	0	2	male	0	0	239856
676		S	7.775	0	3	male	0	0	349912
677		S	8.05	0	3	male	0	0	342826
678		S	9.8417	0	3	female	0	1	4138
679		S	46.9	6	3	female	1	0	CA 2144
680	B51 B53 B55	C	512.3292	1	1	male	0	1	PC 17755
681		Q	8.1375	0	3	female	0	0	330935
682	D49	C	76.7292	0	1	male	0	1	PC 17572
683		S	9.225	0	3	male	0	0	6563
684		S	46.9	2	3	male	5	0	CA 2144
685		S	39	1	2	male	1	0	29750
686		C	41.5792	2	2	male	1	0	SC/Paris 2123
687		S	39.6875	1	3	male	4	0	3101295
688		S	10.1708	0	3	male	0	0	349228
689		S	7.7958	0	3	male	0	0	350036
690	B5	S	211.3375	1	1	female	0	1	24160
691	B20	S	57	0	1	male	1	1	17474
692		C	13.4167	1	3	female	0	1	349256
693		S	56.4958	0	3	male	0	1	1601
694		C	7.225	0	3	male	0	0	2672
695		S	26.55	0	1	male	0	0	113800
696		S	13.5	0	2	male	0	0	248731
697		S	8.05	0	3	male	0	0	363592
698		Q	7.7333	0	3	female	0	1	35852
699	C68	C	110.8833	1	1	male	1	0	17421
700	F G63	S	7.65	0	3	male	0	0	348121
701	C62 C64	C	227.525	0	1	female	1	1	PC 17757
702	E24	S	26.2875	0	1	male	0	1	PC 17475
703		C	14.4542	1	3	female	0	0	2691
704		Q	7.7417	0	3	male	0	0	36864
705		S	7.8542	0	3	male	1	0	350025
706		S	26	0	2	male	0	0	250655
707		S	13.5	0	2	female	0	1	223596
708	E24	S	26.2875	0	1	male	0	1	PC 17476
709		S	151.55	0	1	female	0	1	113781
710		C	15.2458	1	3	male	1	1	2661
711	C90	C	49.5042	0	1	female	0	1	PC 17482
712	C124	S	26.55	0	1	male	0	0	113028
713	C126	S	52	0	1	male	1	1	19996
714		S	9.4833	0	3	male	0	0	7545
715		S	13	0	2	male	0	0	250647
716	F G73	S	7.65	0	3	male	0	0	348124
717	C45	C	227.525	0	1	female	0	1	PC 17757
718	E101	S	10.5	0	2	female	0	1	34218
719		Q	15.5	0	3	male	0	0	36568
720		S	7.775	0	3	male	0	0	347062
721		S	33	1	2	female	0	1	248727
722		S	7.0542	0	3	male	1	0	350048
723		S	13	0	2	male	0	0	12233
724		S	13	0	2	male	0	0	250643
725	E8	S	53.1	0	1	male	1	1	113806
726		S	8.6625	0	3	male	0	0	315094
727		S	21	0	2	female	3	1	31027
728		Q	7.7375	0	3	female	0	1	36866
729		S	26	0	2	male	1	0	236853
730		S	7.925	0	3	female	1	0	STON/O2. 3101271
731	B5	S	211.3375	0	1	female	0	1	24160
732		C	18.7875	0	3	male	0	0	2699
733		S	0	0	2	male	0	0	239855
734		S	13	0	2	male	0	0	28425
735		S	13	0	2	male	0	0	233639
736		S	16.1	0	3	male	0	0	54636
737		S	34.375	3	3	female	1	0	W./C. 6608
738	B101	C	512.3292	0	1	male	0	1	PC 17755
739		S	7.8958	0	3	male	0	0	349201
740		S	7.8958	0	3	male	0	0	349218
741	D45	S	30	0	1	male	0	1	16988
742	C46	S	78.85	0	1	male	1	0	19877
743	B57 B59 B63 B66	C	262.375	2	1	female	2	1	PC 17608
744		S	16.1	0	3	male	1	0	376566
745		S	7.925	0	3	male	0	1	STON/O 2. 3101288
746	B22	S	71	1	1	male	1	0	WE/P 5735
747		S	20.25	1	3	male	1	0	C.A. 2673
748		S	13	0	2	female	0	1	250648
749	D30	S	53.1	0	1	male	1	0	113773
750		Q	7.75	0	3	male	0	0	335097
751		S	23	1	2	female	1	1	29103
752	E121	S	12.475	1	3	male	0	1	392096
753		S	9.5	0	3	male	0	0	345780
754		S	7.8958	0	3	male	0	0	349204
755		S	65	2	2	female	1	1	220845
756		S	14.5	1	2	male	1	1	250649
757		S	7.7958	0	3	male	0	0	350042
758		S	11.5	0	2	male	0	0	29108
759		S	8.05	0	3	male	0	0	363294
760	B77	S	86.5	0	1	female	0	1	110152
761		S	14.5	0	3	male	0	0	358585
762		S	7.125	0	3	male	0	0	SOTON/O2 3101272
763		C	7.2292	0	3	male	0	1	2663
764	B96 B98	S	120	2	1	female	1	1	113760
765		S	7.775	0	3	male	0	0	347074
766	D11	S	77.9583	0	1	female	1	1	13502
767		C	39.6	0	1	male	0	0	112379
768		Q	7.75	0	3	female	0	0	364850
769		Q	24.15	0	3	male	1	0	371110
770		S	8.3625	0	3	male	0	0	8471
771		S	9.5	0	3	male	0	0	345781
772		S	7.8542	0	3	male	0	0	350047
773	E77	S	10.5	0	2	female	0	0	S.O./P.P. 3
774		C	7.225	0	3	male	0	0	2674
775		S	23	3	2	female	1	1	29105
776		S	7.75	0	3	male	0	0	347078
777	F38	Q	7.75	0	3	male	0	0	383121
778		S	12.475	0	3	female	0	1	364516
779		Q	7.7375	0	3	male	0	0	36865
780	B3	S	211.3375	1	1	female	0	1	24160
781		C	7.2292	0	3	female	0	1	2687
782	B20	S	57	0	1	female	1	1	17474
783	D6	S	30	0	1	male	0	0	113501
784		S	23.45	2	3	male	1	0	W./C. 6607
785		S	7.05	0	3	male	0	0	SOTON/O.Q. 3101312
786		S	7.25	0	3	male	0	0	374887
787		S	7.4958	0	3	female	0	1	3101265
788		Q	29.125	1	3	male	4	0	382652
789		S	20.575	2	3	male	1	1	C.A. 2315
790	B82 B84	C	79.2	0	1	male	0	0	PC 17593
791		Q	7.75	0	3	male	0	0	12460
792		S	26	0	2	male	0	0	239865
793		S	69.55	2	3	female	8	0	CA. 2343
794		C	30.6958	0	1	male	0	0	PC 17600
795		S	7.8958	0	3	male	0	0	349203
796		S	13	0	2	male	0	0	28213
797	D17	S	25.9292	0	1	female	0	1	17465
798		S	8.6833	0	3	female	0	1	349244
799		C	7.2292	0	3	male	0	0	2685
800		S	24.15	1	3	female	1	0	345773
801		S	13	0	2	male	0	0	250647
802		S	26.25	1	2	female	1	1	C.A. 31921
803	B96 B98	S	120	2	1	male	1	1	113760
804		C	8.5167	1	3	male	0	1	2625
805		S	6.975	0	3	male	0	1	347089
806		S	7.775	0	3	male	0	0	347063
807	A36	S	0	0	1	male	0	0	112050
808		S	7.775	0	3	female	0	0	347087
809		S	13	0	2	male	0	0	248723
810	E8	S	53.1	0	1	female	1	1	113806
811		S	7.8875	0	3	male	0	0	3474
812		S	24.15	0	3	male	0	0	A/4 48871
813		S	10.5	0	2	male	0	0	28206
814		S	31.275	2	3	female	4	0	347082
815		S	8.05	0	3	male	0	0	364499
816	B102	S	0	0	1	male	0	0	112058
817		S	7.925	0	3	female	0	0	STON/O2. 3101290
818		C	37.0042	1	2	male	1	0	S.C./PARIS 2079
819		S	6.45	0	3	male	0	0	C 7075
820		S	27.9	2	3	male	3	0	347088
821	B69	S	93.5	1	1	female	1	1	12749
822		S	8.6625	0	3	male	0	1	315098
823		S	0	0	1	male	0	0	19972
824	E121	S	12.475	1	3	female	0	1	392096
825		S	39.6875	1	3	male	4	0	3101295
826		Q	6.95	0	3	male	0	0	368323
827		S	56.4958	0	3	male	0	0	1601
828		C	37.0042	2	2	male	0	1	S.C./PARIS 2079
829		Q	7.75	0	3	male	0	1	367228
830	B28		80	0	1	female	0	1	113572
831		C	14.4542	0	3	female	1	1	2659
832		S	18.75	1	2	male	1	1	29106
833		C	7.2292	0	3	male	0	0	2671
834		S	7.8542	0	3	male	0	0	347468
835		S	8.3	0	3	male	0	0	2223
836	E49	C	83.1583	1	1	female	1	1	PC 17756
837		S	8.6625	0	3	male	0	0	315097
838		S	8.05	0	3	male	0	0	392092
839		S	56.4958	0	3	male	0	1	1601
840	C47	C	29.7	0	1	male	0	1	11774
841		S	7.925	0	3	male	0	0	SOTON/O2 3101287
842		S	10.5	0	2	male	0	0	S.O./P.P. 3
843		C	31	0	1	female	0	1	113798
844		C	6.4375	0	3	male	0	0	2683
845		S	8.6625	0	3	male	0	0	315090
846		S	7.55	0	3	male	0	0	C.A. 5547
847		S	69.55	2	3	male	8	0	CA. 2343
848		C	7.8958	0	3	male	0	0	349213
849		S	33	1	2	male	0	0	248727
850	C92	C	89.1042	0	1	female	1	1	17453
851		S	31.275	2	3	male	4	0	347082
852		S	7.775	0	3	male	0	0	347060
853		C	15.2458	1	3	female	1	0	2678
854	D28	S	39.4	1	1	female	0	1	PC 17592
855		S	26	0	2	female	1	0	244252
856		S	9.35	1	3	female	0	1	392091
857		S	164.8667	1	1	female	1	1	36928
858	E17	S	26.55	0	1	male	0	1	113055
859		C	19.2583	3	3	female	0	1	2666
860		C	7.2292	0	3	male	0	0	2629
861		S	14.1083	0	3	male	2	0	350026
862		S	11.5	0	2	male	1	0	28134
863	D17	S	25.9292	0	1	female	0	1	17466
864		S	69.55	2	3	female	8	0	CA. 2343
865		S	13	0	2	male	0	0	233866
866		S	13	0	2	female	0	1	236852
867		C	13.8583	0	2	female	1	1	SC/PARIS 2149
868	A24	S	50.4958	0	1	male	0	0	PC 17590
869		S	9.5	0	3	male	0	0	345777
870		S	11.1333	1	3	male	1	1	347742
871		S	7.8958	0	3	male	0	0	349248
872	D35	S	52.5542	1	1	female	1	1	11751
873	B51 B53 B55	S	5	0	1	male	0	0	695
874		S	9	0	3	male	0	0	345765
875		C	24	0	2	female	1	1	P/PP 3381
876		C	7.225	0	3	female	0	1	2667
877		S	9.8458	0	3	male	0	0	7534
878		S	7.8958	0	3	male	0	0	349212
879		S	7.8958	0	3	male	0	0	349217
880	C50	C	83.1583	1	1	female	0	1	11767
881		S	26	1	2	female	0	1	230433
882		S	7.8958	0	3	male	0	0	349257
883		S	10.5167	0	3	female	0	0	7552
884		S	10.5	0	2	male	0	0	C.A./SOTON 34068
885		S	7.05	0	3	male	0	0	SOTON/OQ 392076
886		Q	29.125	5	3	female	0	0	382652
887		S	13	0	2	male	0	0	211536
888	B42	S	30	0	1	female	0	1	112053
889		S	23.45	2	3	female	1	0	W./C. 6607
890	C148	C	30	0	1	male	0	1	111369
891		Q	7.75	0	3	male	0	0	370376
